,Outcome,Performance,Performance_numerical,Gates_touched_total,Switches,Objective_switches,Condition,Reaction_time,Corrects,Pos_in_block,Attention,Attention_control,Confidence,trial_idx,subject,date
0,1R,Low,7.0,7.0,0.0,0.0,Actor,1.333650827407837,1.0,0.0,1.0,0.0,0.0,2.0,Offenbach,20230110
1,1R,Low,1.0,1.0,0.0,0.0,Actor,3.166517972946167,1.0,1.0,0.9990241014609724,0.0,0.0,3.0,Offenbach,20230110
2,1R,Low,7.0,7.0,0.0,0.0,Actor-incongruent,1.9839999675750732,1.0,2.0,0.9999435498792516,0.0,0.0,4.0,Offenbach,20230110
3,1R,Low,6.0,6.0,0.0,0.0,Observer-incongruent,2.4669978618621826,1.0,6.0,0.5793851717902351,0.1518987341772152,0.0,8.0,Offenbach,20230110
4,1R,Low,4.0,4.0,0.0,0.0,Actor,1.0004148483276367,1.0,7.0,1.0,0.0130237825594563,0.0,9.0,Offenbach,20230110
5,1R,Low,6.0,6.0,0.0,1.0,Actor,0.9835278987884521,-1.0,8.0,0.999731568786749,0.0,0.0,10.0,Offenbach,20230110
6,1R,Low,5.0,5.0,0.0,0.0,Observer-incongruent,1.7666079998016357,1.0,0.0,0.2637553418799154,0.5002448361815274,0.0,12.0,Offenbach,20230110
7,1R,Med,9.0,9.0,0.0,0.0,Actor,0.9834902286529541,1.0,1.0,1.0,0.0,0.0,13.0,Offenbach,20230110
8,1R,Low,5.0,5.0,0.0,0.0,Observer,1.0826380252838135,1.0,2.0,0.5502541650197138,0.3453976360513355,0.0,14.0,Offenbach,20230110
9,1R,Low,2.0,2.0,0.0,1.0,Actor,1.1657788753509521,-1.0,9.0,0.9647853352696816,0.0438538788758946,0.0,21.0,Offenbach,20230110
10,1R,Low,4.0,4.0,0.0,0.0,Observer,1.4833240509033203,1.0,0.0,0.8880778588807786,0.1171938361719383,0.0,24.0,Offenbach,20230110
11,1R,Low,3.0,3.0,0.0,0.0,Actor,1.2005131244659424,1.0,1.0,0.9998526149934092,0.0,0.0,25.0,Offenbach,20230110
12,1R,Low,2.0,2.0,0.0,0.0,Actor,1.3511192798614502,1.0,2.0,0.9995602396638208,0.0,0.0,26.0,Offenbach,20230110
13,1R,Low,5.0,5.0,0.0,0.0,Observer,1.216745138168335,1.0,3.0,0.9998751338510904,0.0,0.0,27.0,Offenbach,20230110
14,1R,Low,2.0,2.0,0.0,0.0,Observer,2.0334830284118652,1.0,4.0,1.0,0.1906005221932115,0.0,28.0,Offenbach,20230110
15,1R,Low,5.0,5.0,0.0,0.0,Actor,1.3171319961547852,1.0,5.0,0.999694848864956,0.0,0.0,29.0,Offenbach,20230110
16,1R,Low,6.0,6.0,0.0,0.0,Actor,1.2659668922424316,1.0,6.0,0.9996981430884092,0.0,0.0,30.0,Offenbach,20230110
17,1R,Low,1.0,1.0,0.0,0.0,Observer,1.0497939586639404,1.0,7.0,1.0,0.0,0.0,31.0,Offenbach,20230110
18,1R,Med,11.0,11.0,1.0,0.0,Observer,1.3003160953521729,-1.0,8.0,0.7028324531925108,0.142342774843975,0.0,32.0,Offenbach,20230110
19,1R,Low,1.0,1.0,1.0,0.0,Observer-incongruent,1.216677188873291,-1.0,9.0,0.5728228710974734,0.4582582968779787,0.0,33.0,Offenbach,20230110
20,1R,Low,1.0,1.0,1.0,1.0,Observer-incongruent,1.316683053970337,1.0,10.0,0.6527777777777778,1.0,0.0,34.0,Offenbach,20230110
21,1R,Low,1.0,1.0,0.0,0.0,Actor,1.016258716583252,1.0,0.0,0.9998051771214448,0.0,0.0,36.0,Offenbach,20230110
22,1R,Low,6.0,6.0,0.0,0.0,Observer,1.265765905380249,1.0,1.0,0.4965864175350341,0.4448436938555515,0.0,37.0,Offenbach,20230110
23,1R,Med,9.0,9.0,0.0,0.0,Actor,1.066183090209961,1.0,2.0,0.9994522189643976,0.0,0.0,38.0,Offenbach,20230110
24,1R,Low,8.0,8.0,0.0,0.0,Actor,1.000359058380127,1.0,3.0,0.9999829229565308,0.0,0.0,39.0,Offenbach,20230110
25,1R,Low,2.0,2.0,0.0,0.0,Observer,1.0328619480133057,1.0,4.0,0.78876938894708,0.4813717000539394,0.0,40.0,Offenbach,20230110
26,1R,Low,5.0,5.0,0.0,0.0,Actor-incongruent,1.2496860027313232,1.0,0.0,1.0,0.0,0.0,48.0,Offenbach,20230110
27,1R,Low,4.0,4.0,0.0,0.0,Observer,1.033285140991211,1.0,1.0,0.8528462213737713,0.0,0.0,49.0,Offenbach,20230110
28,1R,Low,4.0,4.0,0.0,0.0,Observer,1.182354211807251,1.0,2.0,1.0,0.0,0.0,50.0,Offenbach,20230110
29,1R,Low,4.0,4.0,0.0,0.0,Observer,1.0833520889282227,1.0,3.0,0.964592176601368,0.3090059821554383,0.0,51.0,Offenbach,20230110
30,1R,Low,6.0,6.0,0.0,0.0,Observer,1.2660949230194092,1.0,4.0,0.8914290413425959,0.2964577208524039,0.0,52.0,Offenbach,20230110
31,1R,Low,7.0,7.0,0.0,0.0,Observer,1.4668710231781006,1.0,5.0,0.7216196673897325,0.3828633405639913,0.0,53.0,Offenbach,20230110
32,1R,Low,4.0,4.0,0.0,0.0,Actor,1.1667277812957764,1.0,6.0,1.0,0.0,0.0,54.0,Offenbach,20230110
33,1R,Low,4.0,4.0,0.0,0.0,Actor,1.0342390537261963,1.0,7.0,0.9998261172030476,0.0,0.0,55.0,Offenbach,20230110
34,1R,Low,1.0,1.0,0.0,0.0,Observer,1.099823236465454,1.0,8.0,1.0,0.0,0.0,56.0,Offenbach,20230110
35,1R,Med,10.0,10.0,0.0,0.0,Actor,1.134186029434204,1.0,9.0,1.0,0.0,0.0,57.0,Offenbach,20230110
36,1R,Low,1.0,1.0,0.0,0.0,Actor,1.1169400215148926,1.0,10.0,0.9990009989977028,0.0,0.0,58.0,Offenbach,20230110
37,1R,Low,1.0,1.0,0.0,1.0,Actor,0.9999148845672607,-1.0,11.0,0.9996876792736747,0.0,0.0,59.0,Offenbach,20230110
38,1R,Low,5.0,5.0,0.0,0.0,Actor-incongruent,1.0994949340820312,1.0,0.0,0.9382022471910112,0.0674157303370786,0.0,62.0,Offenbach,20230110
39,1R,Low,1.0,1.0,0.0,0.0,Observer,1.0326669216156006,1.0,1.0,0.5417090409202912,0.3615652325010433,0.0,63.0,Offenbach,20230110
40,1R,Low,1.0,1.0,0.0,0.0,Actor,1.216003179550171,1.0,2.0,1.0,0.0,0.0,64.0,Offenbach,20230110
41,1R,Med,11.0,11.0,0.0,0.0,Observer,1.1166460514068604,1.0,4.0,0.3238930096650932,0.6032816363227692,0.0,66.0,Offenbach,20230110
42,1R,Low,1.0,1.0,0.0,0.0,Actor-incongruent,0.9833700656890869,1.0,8.0,0.9888766729578092,0.0184262734091517,0.0,70.0,Offenbach,20230110
43,1R,Low,1.0,1.0,0.0,0.0,Actor,1.1343157291412354,1.0,9.0,1.0,0.0,0.0,71.0,Offenbach,20230110
44,1R,Low,8.0,8.0,0.0,0.0,Actor,2.5170042514801025,1.0,10.0,0.9881852088413752,0.0139077918281378,0.0,72.0,Offenbach,20230110
45,1R,High,12.0,12.0,0.0,0.0,Observer,1.082590103149414,1.0,11.0,0.3632989530671652,0.5828578855729737,0.0,73.0,Offenbach,20230110
46,1R,Low,6.0,6.0,0.0,0.0,Observer,1.182690143585205,1.0,12.0,0.3726413822584116,0.6823734527832757,0.0,74.0,Offenbach,20230110
47,1R,Low,1.0,1.0,0.0,0.0,Actor,1.0154879093170166,1.0,13.0,1.0,0.0,0.0,75.0,Offenbach,20230110
48,1R,Low,2.0,2.0,0.0,1.0,Observer,1.0835049152374268,-1.0,14.0,0.4066978680695156,0.5550015649270795,0.0,76.0,Offenbach,20230110
49,1R,Low,2.0,2.0,0.0,0.0,Observer,1.6501822471618652,1.0,0.0,1.0,0.0,0.0,79.0,Offenbach,20230110
50,1R,Low,8.0,8.0,0.0,0.0,Actor,0.9832370281219482,1.0,1.0,1.0,0.0,0.0,80.0,Offenbach,20230110
51,1R,Low,3.0,3.0,0.0,0.0,Observer,1.0494568347930908,1.0,2.0,0.8878295008412788,0.0987100392596747,0.0,81.0,Offenbach,20230110
52,1R,High,13.0,13.0,0.0,0.0,Observer,1.0662739276885986,1.0,3.0,0.5633933017372722,0.1796410906952694,0.0,82.0,Offenbach,20230110
53,1R,Low,5.0,5.0,0.0,0.0,Observer,1.149914264678955,1.0,4.0,0.8493771234428086,0.3187995469988675,0.0,83.0,Offenbach,20230110
54,1R,Low,2.0,2.0,0.0,0.0,Actor,1.0488519668579102,1.0,5.0,1.0,0.0,0.0,84.0,Offenbach,20230110
55,1R,Low,2.0,2.0,1.0,0.0,Observer,1.0664770603179932,-1.0,6.0,0.9999216771414522,0.0,0.0,85.0,Offenbach,20230110
56,1R,Low,3.0,3.0,1.0,0.0,Observer-incongruent,1.332726001739502,-1.0,0.0,0.1522421068856208,0.7821780102267228,0.0,88.0,Offenbach,20230110
57,1R,Low,1.0,1.0,0.0,0.0,Observer,1.583003044128418,1.0,3.0,0.483098613938355,0.5316734288681714,0.0,91.0,Offenbach,20230110
58,1R,Low,1.0,1.0,0.0,0.0,Actor,1.0503900051116943,1.0,4.0,0.9999530048184484,0.0,0.0,92.0,Offenbach,20230110
59,1R,Low,8.0,8.0,0.0,0.0,Observer,1.883603811264038,1.0,6.0,0.3305631453084574,0.6391748317487751,0.0,94.0,Offenbach,20230110
60,1R,Low,2.0,2.0,0.0,0.0,Actor,0.9828438758850098,1.0,7.0,1.0,0.0,0.0,95.0,Offenbach,20230110
61,1R,Low,6.0,6.0,0.0,0.0,Observer,1.0668249130249023,1.0,8.0,0.3803386699975967,0.5756477167531193,0.0,96.0,Offenbach,20230110
62,1R,Med,10.0,10.0,0.0,0.0,Actor,1.0655009746551514,1.0,9.0,0.9999657059013805,0.0,0.0,97.0,Offenbach,20230110
63,1R,Low,2.0,2.0,0.0,0.0,Observer,1.0495240688323975,1.0,10.0,0.6249113117099456,0.3338318069833334,0.0,98.0,Offenbach,20230110
64,1R,Med,9.0,9.0,0.0,1.0,Observer,1.0322318077087402,-1.0,11.0,0.3866162974003446,0.5876797507289042,0.0,99.0,Offenbach,20230110
65,1R,Low,8.0,8.0,0.0,0.0,Actor,1.1333281993865967,1.0,0.0,0.9999026068900996,0.0,0.0,101.0,Offenbach,20230110
66,1R,Low,3.0,3.0,0.0,0.0,Actor,1.3825089931488037,1.0,2.0,0.9994429627919116,0.0,0.0,103.0,Offenbach,20230110
67,1R,High,14.0,14.0,0.0,0.0,Observer,1.3002190589904785,1.0,3.0,0.7080919628956348,0.3965900364963151,0.0,104.0,Offenbach,20230110
68,1R,Low,4.0,4.0,0.0,0.0,Actor,1.967008113861084,1.0,4.0,1.0,0.0,0.0,105.0,Offenbach,20230110
69,1R,Low,5.0,5.0,0.0,0.0,Actor,1.1664040088653564,1.0,5.0,1.0,0.0,0.0,106.0,Offenbach,20230110
70,1R,Low,6.0,6.0,0.0,0.0,Observer-incongruent,1.932868242263794,1.0,9.0,0.806335772028882,0.070045981797545,0.0,110.0,Offenbach,20230110
71,1R,Low,8.0,8.0,0.0,0.0,Actor,1.8663218021392822,1.0,10.0,0.9999909798594038,0.0,0.0,111.0,Offenbach,20230110
72,1R,Low,6.0,6.0,0.0,0.0,Observer,1.300196886062622,1.0,11.0,0.6620160431346208,0.2212746140897804,0.0,112.0,Offenbach,20230110
73,1R,Low,4.0,4.0,0.0,0.0,Actor,1.1830809116363525,1.0,12.0,0.9999250962281284,0.0,0.0,113.0,Offenbach,20230110
74,1R,Low,6.0,6.0,0.0,1.0,Observer,1.8330590724945068,-1.0,13.0,0.6739151038413095,0.0080965065479167,0.0,114.0,Offenbach,20230110
75,1R,Low,7.0,7.0,0.0,0.0,Actor,0.9987177848815918,1.0,0.0,0.9998542143985072,0.0,0.0,116.0,Offenbach,20230110
76,1R,Med,9.0,9.0,0.0,0.0,Observer,1.033742904663086,1.0,1.0,0.4988836476005309,0.4152908688501254,0.0,117.0,Offenbach,20230110
77,1R,Med,10.0,10.0,0.0,0.0,Actor,1.049617052078247,1.0,2.0,1.0,0.0,0.0,118.0,Offenbach,20230110
78,1R,Low,2.0,2.0,0.0,0.0,Observer,1.4000880718231201,1.0,3.0,0.2742882986374623,0.5262426900067344,0.0,119.0,Offenbach,20230110
79,1R,Low,4.0,4.0,0.0,0.0,Observer,1.266181230545044,1.0,4.0,0.5137592645544087,0.4578120405259073,0.0,120.0,Offenbach,20230110
80,1R,Low,2.0,2.0,0.0,0.0,Observer,0.9995861053466797,1.0,5.0,0.346932094148746,0.600325152852961,0.0,121.0,Offenbach,20230110
81,1R,Med,9.0,9.0,0.0,0.0,Actor,1.8667781352996826,1.0,6.0,1.0,0.0,0.0,122.0,Offenbach,20230110
82,1R,Low,4.0,4.0,0.0,0.0,Observer,1.0499918460845947,1.0,7.0,0.3063166876959035,0.656953921780042,0.0,123.0,Offenbach,20230110
83,1R,Low,2.0,2.0,0.0,0.0,Observer,1.0000958442687988,1.0,0.0,1.0,0.0,0.0,126.0,Offenbach,20230110
84,1R,Low,6.0,6.0,0.0,0.0,Actor,1.183180570602417,1.0,1.0,0.9979994284081166,0.0,0.0,127.0,Offenbach,20230110
85,1R,Low,7.0,7.0,0.0,0.0,Actor,1.1168088912963867,1.0,2.0,0.9999725916352176,0.0,0.0,128.0,Offenbach,20230110
86,1R,High,12.0,12.0,0.0,0.0,Observer,1.0501201152801514,1.0,3.0,0.7458938200184458,0.1735609393370647,0.0,129.0,Offenbach,20230110
87,1R,Low,4.0,4.0,0.0,0.0,Actor,1.066209077835083,1.0,4.0,0.9997428034173454,0.0,0.0,130.0,Offenbach,20230110
88,1R,Low,6.0,6.0,0.0,0.0,Observer,0.9831700325012207,1.0,5.0,0.977214498788555,0.3075121771534873,0.0,131.0,Offenbach,20230110
89,1R,Low,7.0,7.0,0.0,0.0,Observer,1.3834428787231445,1.0,6.0,0.3928446037217448,0.4995359794926689,0.0,132.0,Offenbach,20230110
90,1R,Low,1.0,1.0,0.0,0.0,Actor,1.0497798919677734,1.0,7.0,0.9342919847411586,0.0832537412145587,0.0,133.0,Offenbach,20230110
91,1R,Low,1.0,1.0,0.0,0.0,Actor,1.0659170150756836,1.0,0.0,0.9999824783998676,0.0,0.0,140.0,Offenbach,20230110
92,1R,Low,2.0,2.0,0.0,0.0,Actor,1.300340175628662,1.0,1.0,1.0,0.0,0.0,141.0,Offenbach,20230110
93,1R,Low,1.0,1.0,0.0,0.0,Observer,1.332261323928833,1.0,2.0,1.0,0.0,0.0,142.0,Offenbach,20230110
94,1R,Low,1.0,1.0,1.0,0.0,Observer-incongruent,1.6331138610839844,-1.0,4.0,0.0,0.8745644599303136,0.0,144.0,Offenbach,20230110
95,1R,Med,9.0,9.0,1.0,0.0,Observer-incongruent,1.1003220081329346,-1.0,5.0,0.1705844980940279,0.7712833545108005,0.0,145.0,Offenbach,20230110
96,1R,Low,7.0,7.0,1.0,0.0,Observer-incongruent,1.233374834060669,-1.0,6.0,0.0028756755590957,0.8382594254764028,0.0,146.0,Offenbach,20230110
97,1R,Low,1.0,1.0,1.0,0.0,Observer-incongruent,1.7169320583343506,-1.0,9.0,0.0,1.0,0.0,149.0,Offenbach,20230110
98,1R,Low,8.0,8.0,1.0,0.0,Observer-incongruent,1.0169200897216797,-1.0,10.0,0.084485369027624,0.7379359991274888,0.0,150.0,Offenbach,20230110
99,1R,Low,8.0,8.0,1.0,0.0,Observer-incongruent,1.1669456958770752,-1.0,0.0,0.6872313073799264,0.1670178137872309,0.0,157.0,Offenbach,20230110
100,1R,Low,1.0,1.0,0.0,0.0,Actor,0.9827861785888672,1.0,2.0,0.9999622146477496,0.0,0.0,159.0,Offenbach,20230110
101,1R,Low,2.0,2.0,0.0,0.0,Observer,1.0010488033294678,1.0,3.0,0.9998652142483816,0.0,0.0,160.0,Offenbach,20230110
102,1R,Low,8.0,8.0,0.0,0.0,Observer,0.9823799133300781,1.0,5.0,0.5690972024904967,0.4480351872835075,0.0,162.0,Offenbach,20230110
103,1R,Low,2.0,2.0,0.0,0.0,Observer,2.0167441368103027,1.0,6.0,0.8734073160706947,0.1689272503082614,0.0,163.0,Offenbach,20230110
104,1R,Low,1.0,1.0,0.0,1.0,Actor,1.2169239521026611,-1.0,7.0,1.0,0.0,0.0,164.0,Offenbach,20230110
105,1R,Low,3.0,3.0,0.0,0.0,Actor-incongruent,1.1333129405975342,1.0,0.0,0.9832402234636872,0.0258379888268156,0.0,166.0,Offenbach,20230110
106,1R,Low,3.0,3.0,0.0,0.0,Actor,0.9834668636322021,1.0,2.0,1.0,0.0,0.0,168.0,Offenbach,20230110
107,1R,Low,8.0,8.0,1.0,0.0,Observer-incongruent,1.1673760414123535,-1.0,5.0,0.0,0.9323426458833048,0.0,171.0,Offenbach,20230110
108,1R,Low,5.0,5.0,1.0,0.0,Observer-incongruent,0.9992160797119141,-1.0,6.0,0.0,0.5839498963578387,0.0,172.0,Offenbach,20230110
109,1R,Low,1.0,1.0,0.0,0.0,Actor,1.1165378093719482,1.0,9.0,1.0,0.0,0.0,175.0,Offenbach,20230110
110,1R,Low,3.0,3.0,0.0,0.0,Actor,1.0327637195587158,1.0,10.0,1.0,0.0,0.0,176.0,Offenbach,20230110
111,1R,Med,10.0,10.0,0.0,0.0,Actor-incongruent,1.2829148769378662,1.0,12.0,0.991614395558486,0.0148615054353076,0.0,178.0,Offenbach,20230110
112,1R,Low,4.0,4.0,0.0,0.0,Actor,1.0001728534698486,1.0,13.0,1.0,0.0,0.0,179.0,Offenbach,20230110
113,1R,Low,1.0,1.0,0.0,0.0,Actor,1.066220998764038,1.0,14.0,0.998959417289916,0.0,0.0,180.0,Offenbach,20230110
114,1R,Low,1.0,1.0,0.0,0.0,Observer,1.0998520851135254,1.0,15.0,0.5648788837086836,0.3613659371531301,0.0,181.0,Offenbach,20230110
115,1R,Low,4.0,4.0,0.0,1.0,Observer,1.2826509475708008,-1.0,16.0,0.4773203070481507,0.7473831123517097,0.0,182.0,Offenbach,20230110
116,1R,Med,10.0,10.0,0.0,0.0,Observer,1.666766881942749,1.0,0.0,0.7436594511621581,0.3655670235834345,0.0,185.0,Offenbach,20230110
117,1R,Low,3.0,3.0,0.0,0.0,Observer,1.6164498329162598,1.0,1.0,0.8599538525467494,0.003399027085165,0.0,186.0,Offenbach,20230110
118,1R,Low,6.0,6.0,0.0,0.0,Actor,1.2496228218078613,1.0,2.0,1.0,0.0,0.0,187.0,Offenbach,20230110
119,1R,Low,8.0,8.0,0.0,0.0,Observer,1.199397087097168,1.0,3.0,0.8994238988335485,0.1562006912199456,0.0,188.0,Offenbach,20230110
120,1R,Low,4.0,4.0,0.0,0.0,Actor,1.1836190223693848,1.0,4.0,0.9998372879818488,0.0,0.0,189.0,Offenbach,20230110
121,1R,Low,4.0,4.0,0.0,0.0,Observer,1.1668648719787598,1.0,5.0,0.921721547208496,0.1436170782859749,0.0,190.0,Offenbach,20230110
122,1R,Low,6.0,6.0,0.0,0.0,Observer,1.4837980270385742,1.0,6.0,0.6202038174175275,0.1772010906907221,0.0,191.0,Offenbach,20230110
123,1R,Low,2.0,2.0,1.0,0.0,Actor,1.0332038402557373,-1.0,7.0,1.0,0.0,0.0,192.0,Offenbach,20230110
124,1R,Low,5.0,5.0,1.0,1.0,Observer-incongruent,1.4498710632324219,1.0,8.0,0.3625718127892227,0.3777257430451189,0.0,193.0,Offenbach,20230110
125,1R,Low,3.0,3.0,0.0,0.0,Actor,0.9999959468841553,1.0,0.0,0.9996598810705892,0.0,0.0,195.0,Offenbach,20230110
126,1R,Low,4.0,4.0,0.0,0.0,Observer,1.1001040935516357,1.0,1.0,0.4804741980474198,0.5397489539748954,0.0,196.0,Offenbach,20230110
127,1R,Low,2.0,2.0,0.0,0.0,Actor,0.998924970626831,1.0,2.0,1.0,0.0,0.0,197.0,Offenbach,20230110
128,1R,Low,4.0,4.0,0.0,0.0,Actor,1.149271011352539,1.0,3.0,0.9999721179762824,0.0,0.0,198.0,Offenbach,20230110
129,1R,High,14.0,14.0,0.0,0.0,Observer,2.233391761779785,1.0,4.0,0.2539797233089279,0.7094448806106526,0.0,199.0,Offenbach,20230110
130,1R,Low,7.0,7.0,0.0,0.0,Actor,1.3332600593566895,1.0,5.0,0.9998680244124946,0.0,0.0,200.0,Offenbach,20230110
131,1R,Low,3.0,3.0,0.0,0.0,Actor,1.1493442058563232,1.0,6.0,1.0,0.0,0.0,201.0,Offenbach,20230110
132,1R,Low,1.0,1.0,0.0,0.0,Actor,1.0334341526031494,1.0,7.0,1.0,0.0,0.0,202.0,Offenbach,20230110
133,1R,Low,4.0,4.0,0.0,0.0,Observer,1.1160218715667725,1.0,8.0,0.4880658578250647,0.4625235144876851,0.0,203.0,Offenbach,20230110
134,1R,Low,3.0,3.0,0.0,1.0,Observer,1.00028395652771,-1.0,9.0,0.3743604302796497,0.5704966365744901,0.0,204.0,Offenbach,20230110
135,1R,Low,6.0,6.0,0.0,0.0,Actor,1.216386079788208,1.0,0.0,1.0,0.2346348517715112,0.0,207.0,Offenbach,20230110
136,1R,Low,2.0,2.0,0.0,0.0,Actor,1.2499992847442627,1.0,1.0,1.0,0.0,0.0,208.0,Offenbach,20230110
137,1R,Low,2.0,2.0,0.0,0.0,Observer,1.1006152629852295,1.0,2.0,1.0,0.0,0.0,209.0,Offenbach,20230110
138,1R,Med,10.0,10.0,0.0,0.0,Observer,1.1829729080200195,1.0,4.0,0.5823086506706707,0.1006361051546667,0.0,211.0,Offenbach,20230110
139,1R,Low,2.0,2.0,0.0,0.0,Actor,1.2164831161499023,1.0,5.0,1.0,0.0,0.0,212.0,Offenbach,20230110
140,1R,Low,3.0,3.0,0.0,0.0,Observer,1.4165880680084229,1.0,6.0,0.8061874431301183,0.0,0.0,213.0,Offenbach,20230110
141,1R,Low,1.0,1.0,0.0,0.0,Actor-incongruent,1.1660690307617188,1.0,8.0,1.0,0.0,0.0,215.0,Offenbach,20230110
142,1R,Med,9.0,9.0,1.0,0.0,Observer,1.3320519924163818,-1.0,9.0,0.8080024964376594,0.1983340391981856,0.0,216.0,Offenbach,20230110
143,1R,Low,5.0,5.0,1.0,0.0,Observer-incongruent,1.3498921394348145,-1.0,10.0,0.4056372549019608,0.3125,0.0,217.0,Offenbach,20230110
144,1R,Low,8.0,8.0,1.0,0.0,Observer-incongruent,1.0997271537780762,-1.0,14.0,0.6962332928311057,0.2777642770352369,0.0,221.0,Offenbach,20230110
145,1R,Low,5.0,5.0,1.0,1.0,Observer-incongruent,1.949828863143921,1.0,15.0,0.3746434095403497,0.3651104983561169,0.0,222.0,Offenbach,20230110
146,1R,Low,7.0,7.0,0.0,0.0,Actor-incongruent,1.0497028827667236,1.0,0.0,1.0,0.0,0.0,223.0,Offenbach,20230110
147,1R,Low,3.0,3.0,0.0,0.0,Observer,1.1171338558197021,1.0,1.0,0.476623468159241,0.4836018498306794,0.0,224.0,Offenbach,20230110
148,1R,Low,5.0,5.0,0.0,0.0,Observer,1.083178997039795,1.0,2.0,0.4701733208340342,0.5510582683819416,0.0,225.0,Offenbach,20230110
149,1R,High,12.0,12.0,0.0,0.0,Observer,4.3500378131866455,1.0,3.0,0.1599572605028441,0.834078973313138,0.0,226.0,Offenbach,20230110
150,1R,Low,6.0,6.0,1.0,0.0,Observer,1.3495597839355469,-1.0,4.0,0.3411274722036342,0.4996846513127769,0.0,227.0,Offenbach,20230110
151,1R,Low,8.0,8.0,1.0,0.0,Observer-incongruent,2.883707046508789,-1.0,5.0,0.0,0.8837073739434567,0.0,228.0,Offenbach,20230110
152,1R,Low,4.0,4.0,0.0,0.0,Actor-incongruent,1.0494599342346191,1.0,10.0,1.0,0.0,0.0,233.0,Offenbach,20230110
153,1R,Low,4.0,4.0,0.0,0.0,Observer,0.983100175857544,1.0,11.0,0.34491781441099,0.617906954880772,0.0,234.0,Offenbach,20230110
154,1R,Low,2.0,2.0,0.0,1.0,Actor,1.0664308071136475,-1.0,12.0,1.0,0.0,0.0,235.0,Offenbach,20230110
155,1R,Low,6.0,6.0,0.0,0.0,Actor,0.9838130474090576,1.0,0.0,0.98178928066132,0.0,0.0,239.0,Offenbach,20230110
156,1R,Low,2.0,2.0,0.0,0.0,Observer,1.333292007446289,1.0,1.0,0.9995972032080782,0.0,0.0,240.0,Offenbach,20230110
157,1R,Low,4.0,4.0,0.0,0.0,Observer,1.2178938388824463,1.0,2.0,0.9699765914522096,0.0,0.0,241.0,Offenbach,20230110
158,1R,Low,3.0,3.0,0.0,0.0,Actor,1.1823561191558838,1.0,3.0,0.9994420076353032,0.0,0.0,242.0,Offenbach,20230110
159,1R,Low,7.0,7.0,0.0,0.0,Observer,1.1171801090240479,1.0,4.0,0.8922385571598247,0.0090353271611121,0.0,243.0,Offenbach,20230110
160,1R,Med,9.0,9.0,0.0,0.0,Observer,1.099717140197754,1.0,5.0,0.6916334661354582,0.1290836653386454,0.0,244.0,Offenbach,20230110
161,1R,Low,5.0,5.0,0.0,0.0,Actor,1.1833269596099854,1.0,6.0,0.999889763073348,0.0,0.0,245.0,Offenbach,20230110
162,1R,Low,6.0,6.0,0.0,0.0,Observer,0.9830729961395264,1.0,7.0,0.7419053560726885,0.3429872876744025,0.0,246.0,Offenbach,20230110
163,1R,Low,2.0,2.0,0.0,1.0,Observer,1.216228723526001,-1.0,8.0,0.9994272212056616,0.0,0.0,247.0,Offenbach,20230110
164,1R,Low,4.0,4.0,0.0,0.0,Actor,1.0833261013031006,1.0,0.0,1.0,0.0,0.0,251.0,Offenbach,20230110
165,1R,Low,2.0,2.0,0.0,0.0,Actor-incongruent,1.083089828491211,1.0,5.0,1.0,0.0,0.0,256.0,Offenbach,20230110
166,1R,Low,6.0,6.0,0.0,0.0,Actor,0.9839029312133789,1.0,6.0,1.0,0.0,0.0,257.0,Offenbach,20230110
167,1R,Low,1.0,1.0,0.0,0.0,Actor,1.0505669116973877,1.0,7.0,1.0,0.0,0.0,258.0,Offenbach,20230110
168,1R,Low,1.0,1.0,0.0,0.0,Observer,1.3000819683074951,1.0,8.0,0.5818682190015116,0.3158713188865349,0.0,259.0,Offenbach,20230110
169,1R,Med,9.0,9.0,1.0,0.0,Observer,1.1331400871276855,-1.0,10.0,0.2714654615881213,0.5887669464170433,0.0,261.0,Offenbach,20230110
170,1R,Low,4.0,4.0,0.0,1.0,Actor,1.1665573120117188,-1.0,14.0,0.999720748390712,0.0,0.0,265.0,Offenbach,20230110
171,1R,Low,1.0,1.0,0.0,0.0,Actor,1.216500997543335,1.0,0.0,1.0,0.0,0.0,268.0,Offenbach,20230110
172,1R,Low,1.0,1.0,0.0,0.0,Observer,1.2340741157531738,1.0,1.0,0.9993856782926916,0.0,0.0,269.0,Offenbach,20230110
173,1R,Low,1.0,1.0,0.0,0.0,Observer,1.1344208717346191,1.0,2.0,0.9653579676674364,0.0531177829099307,0.0,270.0,Offenbach,20230110
174,1R,Low,1.0,1.0,0.0,0.0,Actor,1.0661392211914062,1.0,3.0,0.999658636122933,0.0,0.0,271.0,Offenbach,20230110
175,1R,Low,1.0,1.0,0.0,0.0,Actor,1.2999470233917236,1.0,4.0,1.0,0.0,0.0,272.0,Offenbach,20230110
176,1R,Low,5.0,5.0,0.0,0.0,Observer,0.9829652309417725,1.0,5.0,0.7657703966949274,0.0533483004954376,0.0,273.0,Offenbach,20230110
177,1R,Low,6.0,6.0,0.0,0.0,Actor,1.0500788688659668,1.0,6.0,0.9998399223345844,0.0,0.0,274.0,Offenbach,20230110
178,1R,Low,1.0,1.0,0.0,0.0,Actor,1.1167349815368652,1.0,7.0,1.0,0.0,0.0,275.0,Offenbach,20230110
179,1R,Low,1.0,1.0,0.0,0.0,Observer,1.033216953277588,1.0,0.0,0.7717842323651453,0.2614107883817427,0.0,278.0,Offenbach,20230110
180,1R,Low,4.0,4.0,0.0,0.0,Observer,1.1331372261047363,1.0,1.0,0.4912529550827423,0.5224586288416075,0.0,279.0,Offenbach,20230110
181,1R,Low,3.0,3.0,0.0,0.0,Actor,1.016225814819336,1.0,2.0,1.0,0.0,0.0,280.0,Offenbach,20230110
182,1R,Low,1.0,1.0,0.0,0.0,Actor,1.0827670097351074,1.0,3.0,0.9995034724799584,0.0,0.0,281.0,Offenbach,20230110
183,1R,Low,7.0,7.0,0.0,0.0,Actor,0.9822211265563965,1.0,4.0,1.0,0.0,0.0,282.0,Offenbach,20230110
184,1R,Low,6.0,6.0,0.0,0.0,Observer,1.1333959102630615,1.0,5.0,0.6181932658881711,0.2490871171490859,0.0,283.0,Offenbach,20230110
185,1R,Low,3.0,3.0,0.0,0.0,Observer,1.0493807792663574,1.0,6.0,0.5085606545865609,0.4477848620741559,0.0,284.0,Offenbach,20230110
186,1R,Low,1.0,1.0,0.0,0.0,Actor,0.9826428890228271,1.0,7.0,0.9989936517801764,0.0,0.0,285.0,Offenbach,20230110
187,1R,Low,2.0,2.0,0.0,0.0,Observer,1.18290376663208,1.0,8.0,0.7468123861566485,0.2868852459016393,0.0,286.0,Offenbach,20230110
188,1R,Low,5.0,5.0,0.0,0.0,Actor,1.0994970798492432,1.0,9.0,0.999791002095795,0.0,0.0,287.0,Offenbach,20230110
189,1R,Med,10.0,10.0,1.0,0.0,Observer,1.2166790962219238,-1.0,10.0,0.2699233810289964,0.6944433473463393,0.0,288.0,Offenbach,20230110
190,1R,Low,8.0,8.0,1.0,0.0,Observer-incongruent,1.1504440307617188,-1.0,11.0,0.1678101772441395,0.7069754145225844,0.0,289.0,Offenbach,20230110
191,1R,Low,5.0,5.0,0.0,0.0,Observer,1.4831476211547852,1.0,15.0,0.4658192696900182,0.5083814364637255,0.0,293.0,Offenbach,20230110
192,1R,Low,6.0,6.0,0.0,1.0,Observer,1.3494210243225098,-1.0,16.0,0.5656098369817969,0.4205909465535996,0.0,294.0,Offenbach,20230110
193,1R,Low,8.0,8.0,0.0,0.0,Actor-incongruent,1.033339262008667,1.0,0.0,0.9999642148463286,0.0383824648122833,0.0,296.0,Offenbach,20230110
194,1R,Low,8.0,8.0,0.0,0.0,Observer,1.2163326740264893,1.0,1.0,0.610928198190572,0.0,0.0,297.0,Offenbach,20230110
195,1R,Low,5.0,5.0,0.0,0.0,Actor,1.0826821327209473,1.0,2.0,0.9999716517238776,0.0,0.0,298.0,Offenbach,20230110
196,1R,Low,4.0,4.0,0.0,0.0,Actor,1.016357183456421,1.0,3.0,0.9996721761413704,0.0,0.0,299.0,Offenbach,20230110
197,1R,Low,1.0,1.0,0.0,0.0,Observer,1.3663833141326904,1.0,4.0,1.0,0.0,0.0,300.0,Offenbach,20230110
198,1R,Low,8.0,8.0,0.0,0.0,Actor,1.1166980266571045,1.0,5.0,0.9998165585678388,0.0,0.0,301.0,Offenbach,20230110
199,1R,Low,2.0,2.0,1.0,0.0,Observer-incongruent,1.7664480209350586,-1.0,7.0,0.6338966081957459,0.3045317725971315,0.0,303.0,Offenbach,20230110
200,1R,Low,2.0,2.0,1.0,0.0,Observer-incongruent,1.38376784324646,-1.0,8.0,0.2118223815480998,0.2558024522932562,0.0,304.0,Offenbach,20230110
201,1R,Low,3.0,3.0,0.0,0.0,Observer,1.1835541725158691,1.0,0.0,0.4322111010009099,0.6014558689717925,0.0,307.0,Offenbach,20230110
202,1R,Low,1.0,1.0,0.0,0.0,Observer,1.1336750984191895,1.0,1.0,0.935788625688673,0.0976475087675137,0.0,308.0,Offenbach,20230110
203,1R,Low,5.0,5.0,0.0,0.0,Observer,1.082930088043213,1.0,2.0,0.7900236157605219,0.3545195580402055,0.0,309.0,Offenbach,20230110
204,1R,Low,3.0,3.0,0.0,0.0,Observer,1.1664698123931885,1.0,3.0,0.3183074976075511,0.6226541400568764,0.0,310.0,Offenbach,20230110
205,1R,Low,2.0,2.0,0.0,1.0,Actor-incongruent,1.483208179473877,-1.0,9.0,0.9989292523040268,0.0,0.0,316.0,Offenbach,20230110
206,1R,Low,4.0,4.0,0.0,0.0,Actor-incongruent,1.2161319255828857,1.0,0.0,1.0,0.0,0.0,319.0,Offenbach,20230110
207,1R,Low,6.0,6.0,0.0,0.0,Observer,1.0001978874206543,1.0,2.0,0.5993330157217722,0.0,0.0,321.0,Offenbach,20230110
208,1R,Low,6.0,6.0,0.0,0.0,Actor,1.2329583168029785,1.0,4.0,0.9999804713757672,0.0,0.0,323.0,Offenbach,20230110
209,1R,Low,7.0,7.0,0.0,0.0,Observer,0.9834089279174805,1.0,5.0,0.6969479681139377,0.3441034909458864,0.0,324.0,Offenbach,20230110
210,1R,Low,8.0,8.0,0.0,0.0,Actor,1.0334498882293701,1.0,6.0,1.0,0.0,0.0,325.0,Offenbach,20230110
211,1R,Low,4.0,4.0,0.0,0.0,Actor,1.2167348861694336,1.0,7.0,0.9995027969140188,0.0,0.0,326.0,Offenbach,20230110
212,1R,Low,1.0,1.0,0.0,1.0,Observer,1.233518123626709,-1.0,8.0,1.0,0.0,0.0,327.0,Offenbach,20230110
213,1R,Low,2.0,2.0,0.0,0.0,Observer,1.1666650772094727,1.0,0.0,0.6110719070574665,0.4167561541856361,0.0,329.0,Offenbach,20230110
214,1R,Low,5.0,5.0,0.0,0.0,Observer,1.1338167190551758,1.0,1.0,0.5239491307866121,0.5680539679845499,0.0,330.0,Offenbach,20230110
215,1R,Low,1.0,1.0,0.0,0.0,Actor,1.0004138946533203,1.0,2.0,0.8983833718244804,0.0392609699769053,0.0,331.0,Offenbach,20230110
216,1R,Low,1.0,1.0,0.0,0.0,Actor,0.982306718826294,1.0,3.0,0.9993998984322464,0.0,0.0,332.0,Offenbach,20230110
217,1R,Low,4.0,4.0,1.0,0.0,Observer-incongruent,1.3001198768615723,-1.0,5.0,0.1807954776431485,0.5524930124250254,0.0,334.0,Offenbach,20230110
218,1R,Low,6.0,6.0,0.0,0.0,Actor-incongruent,1.5500187873840332,1.0,8.0,1.0,0.0,0.0,337.0,Offenbach,20230110
219,1R,Low,4.0,4.0,0.0,1.0,Observer,1.217149019241333,-1.0,9.0,0.6654105299567833,0.2976126203964923,0.0,338.0,Offenbach,20230110
220,1R,Low,2.0,2.0,0.0,0.0,Actor-incongruent,1.2660629749298096,1.0,0.0,0.999968582682395,0.0,0.0,340.0,Offenbach,20230110
221,1R,Low,4.0,4.0,0.0,0.0,Actor,1.0166268348693848,1.0,1.0,0.9998709996336188,0.0,0.0,341.0,Offenbach,20230110
222,1R,Low,6.0,6.0,0.0,0.0,Actor,1.0168099403381348,1.0,2.0,1.0,0.0,0.0,342.0,Offenbach,20230110
223,1R,Low,3.0,3.0,0.0,0.0,Observer,1.350234031677246,1.0,3.0,0.9180891746319748,0.0890819199147856,0.0,343.0,Offenbach,20230110
224,1R,Low,4.0,4.0,0.0,0.0,Actor,1.266726016998291,1.0,4.0,1.0,0.0,0.0,344.0,Offenbach,20230110
225,1R,Low,2.0,2.0,0.0,0.0,Observer,1.2337262630462646,1.0,5.0,0.9991900918255248,0.3467135018083105,0.0,345.0,Offenbach,20230110
226,1R,Low,2.0,2.0,0.0,0.0,Actor,1.0495522022247314,1.0,6.0,1.0,0.0,0.0,346.0,Offenbach,20230110
227,1R,Low,2.0,2.0,0.0,0.0,Actor,1.0001752376556396,1.0,7.0,0.9993974489065576,0.0009101980408985,0.0,347.0,Offenbach,20230110
228,1R,Low,1.0,1.0,0.0,0.0,Observer,1.300083875656128,1.0,8.0,1.0,0.0,0.0,348.0,Offenbach,20230110
229,1R,Low,1.0,1.0,0.0,0.0,Observer,1.7837178707122803,1.0,9.0,0.9999491942731866,0.0,0.0,349.0,Offenbach,20230110
230,1R,Med,9.0,9.0,0.0,0.0,Actor,0.9998090267181396,1.0,10.0,0.9999694006995288,0.0,0.0,350.0,Offenbach,20230110
231,1R,Med,11.0,11.0,0.0,0.0,Observer,1.1666967868804932,1.0,11.0,0.7305863708399366,0.3185419968304279,0.0,351.0,Offenbach,20230110
232,1R,Low,5.0,5.0,0.0,0.0,Actor,2.649935007095337,1.0,12.0,1.0,0.0,0.0,352.0,Offenbach,20230110
233,1R,Low,1.0,1.0,1.0,0.0,Observer,1.182300090789795,-1.0,13.0,0.9983487134000364,0.0,0.0,353.0,Offenbach,20230110
234,1R,Med,11.0,11.0,1.0,1.0,Observer-incongruent,1.016495943069458,1.0,14.0,0.6303770578863516,0.3510355815188529,0.0,354.0,Offenbach,20230110
235,1R,Low,7.0,7.0,1.0,0.0,Observer-incongruent,1.3838930130004883,-1.0,0.0,0.0,0.5902670887971344,0.0,356.0,Offenbach,20230110
236,1R,Low,2.0,2.0,1.0,0.0,Observer-incongruent,1.4998888969421387,-1.0,1.0,0.1036122690742499,0.7273581289012346,0.0,357.0,Offenbach,20230110
237,1R,Low,6.0,6.0,0.0,0.0,Actor,1.1502208709716797,1.0,4.0,0.9998611205347844,0.0,0.0,360.0,Offenbach,20230110
238,1R,Low,5.0,5.0,0.0,0.0,Observer,0.9833259582519531,1.0,5.0,0.2312301875058989,0.7404133632920847,0.0,361.0,Offenbach,20230110
239,1R,High,13.0,13.0,0.0,0.0,Observer,0.9831478595733643,1.0,6.0,0.2289462805146837,0.6885176410345346,0.0,362.0,Offenbach,20230110
240,1R,Low,6.0,6.0,1.0,0.0,Observer,1.2664058208465576,-1.0,7.0,0.2324671552741296,0.7603249063477172,0.0,363.0,Offenbach,20230110
241,1R,Low,5.0,5.0,0.0,0.0,Observer,1.434007167816162,1.0,0.0,0.8342127266257336,0.0,0.0,369.0,Offenbach,20230110
242,1R,Low,7.0,7.0,0.0,0.0,Actor,1.4995830059051514,1.0,1.0,0.9999287681875388,0.0,0.0,370.0,Offenbach,20230110
243,1R,Med,9.0,9.0,0.0,0.0,Observer,1.7167739868164062,1.0,5.0,0.610947815516753,0.3058036744813974,0.0,374.0,Offenbach,20230110
244,1R,Low,2.0,2.0,1.0,0.0,Observer-incongruent,1.5822319984436035,-1.0,7.0,0.4135723431498079,0.5416133162612036,0.0,376.0,Offenbach,20230110
245,1R,Low,1.0,1.0,0.0,0.0,Actor-incongruent,1.2169363498687744,1.0,9.0,0.8755973327418345,0.2086584287089459,0.0,378.0,Offenbach,20230110
246,1R,Low,4.0,4.0,0.0,0.0,Actor,1.1332499980926514,1.0,10.0,0.999679807768516,0.0,0.0,379.0,Offenbach,20230110
247,1R,Low,7.0,7.0,0.0,0.0,Actor,1.3003151416778564,1.0,11.0,0.9999641832760504,0.0,0.0,380.0,Offenbach,20230110
248,1R,Low,5.0,5.0,0.0,0.0,Actor,1.0331220626831055,1.0,0.0,0.93658810325477,0.0679012345679012,0.0,386.0,Offenbach,20230110
249,1R,High,12.0,12.0,0.0,0.0,Actor,1.0328528881072998,1.0,1.0,1.0,0.0,0.0,387.0,Offenbach,20230110
250,1R,Low,7.0,7.0,0.0,0.0,Actor,1.2167978286743164,1.0,2.0,1.0,0.0,0.0,388.0,Offenbach,20230110
251,1R,Low,3.0,3.0,0.0,0.0,Observer,1.0501549243927002,1.0,3.0,0.305825811811784,0.6144833441033066,0.0,389.0,Offenbach,20230110
252,1R,Low,7.0,7.0,0.0,0.0,Actor,1.0152390003204346,1.0,4.0,0.9999421048508222,0.0,0.0,390.0,Offenbach,20230110
253,1R,Low,7.0,7.0,0.0,0.0,Observer,0.9837219715118408,1.0,5.0,0.4117131109332635,0.4749314049731705,0.0,391.0,Offenbach,20230110
254,1R,Med,9.0,9.0,0.0,0.0,Observer,1.0333878993988037,1.0,6.0,0.0951394243871753,0.8604019225988907,0.0,392.0,Offenbach,20230110
255,1R,Low,6.0,6.0,0.0,0.0,Actor,1.033686876296997,1.0,7.0,1.0,0.0,0.0,393.0,Offenbach,20230110
256,1R,Low,5.0,5.0,0.0,0.0,Actor,0.9822661876678467,1.0,8.0,0.9998290477241654,0.0,0.0,394.0,Offenbach,20230110
257,1R,Low,3.0,3.0,0.0,0.0,Observer,0.99941086769104,1.0,9.0,0.2185009721337203,0.7199968420182388,0.0,395.0,Offenbach,20230110
258,1R,Low,1.0,1.0,0.0,0.0,Observer,1.2836222648620605,1.0,10.0,0.8492975734355045,0.1839080459770115,0.0,396.0,Offenbach,20230110
259,1R,Low,3.0,3.0,1.0,1.0,Observer-incongruent,1.117384910583496,1.0,12.0,0.0,0.5936500157086306,0.0,398.0,Offenbach,20230110
260,1R,Low,2.0,2.0,0.0,0.0,Actor,1.3176026344299316,1.0,0.0,1.0,0.0,0.0,401.0,Offenbach,20230110
261,1R,Low,1.0,1.0,0.0,0.0,Observer,1.150089979171753,1.0,1.0,1.0,0.0,0.0,402.0,Offenbach,20230110
262,1R,Low,7.0,7.0,0.0,0.0,Actor,1.1172971725463867,1.0,2.0,1.0,0.0,0.0,403.0,Offenbach,20230110
263,1R,Low,8.0,8.0,1.0,0.0,Observer-incongruent,1.2667698860168457,-1.0,4.0,0.4666289746207179,0.2000355216784937,0.0,405.0,Offenbach,20230110
264,1R,Low,7.0,7.0,0.0,0.0,Actor,1.3162550926208496,1.0,7.0,1.0,0.0,0.0,408.0,Offenbach,20230110
265,1R,Low,1.0,1.0,0.0,1.0,Observer,1.2330811023712158,-1.0,8.0,1.0,0.0,0.0,409.0,Offenbach,20230110
266,1R,Low,3.0,3.0,0.0,0.0,Actor-incongruent,1.0339882373809814,1.0,0.0,1.0,0.0,0.0,411.0,Offenbach,20230110
267,1R,Low,6.0,6.0,0.0,0.0,Actor,1.1152238845825195,1.0,1.0,1.0,0.0,0.0,412.0,Offenbach,20230110
268,1R,Low,1.0,1.0,0.0,0.0,Actor,1.200261116027832,1.0,2.0,1.0,0.0,0.0,413.0,Offenbach,20230110
269,1R,Low,1.0,1.0,0.0,0.0,Actor,1.1664619445800781,1.0,3.0,1.0,0.0,0.0,414.0,Offenbach,20230110
270,1R,High,13.0,13.0,0.0,0.0,Observer,1.0001740455627441,1.0,5.0,0.6489847005771013,0.6859299139533279,0.0,416.0,Offenbach,20230110
271,1R,Low,3.0,3.0,0.0,0.0,Observer,1.1663930416107178,1.0,6.0,0.5345766775372505,0.751099864871331,0.0,417.0,Offenbach,20230110
272,1R,Low,5.0,5.0,0.0,0.0,Actor,1.1500599384307861,1.0,7.0,1.0,0.0,0.0,418.0,Offenbach,20230110
273,1R,Low,3.0,3.0,1.0,0.0,Observer-incongruent,1.3000078201293945,-1.0,9.0,0.0,0.9997011665359988,0.0,420.0,Offenbach,20230110
274,1R,Low,4.0,4.0,0.0,0.0,Actor,1.1502971649169922,1.0,0.0,0.9813664596273292,0.0248447204968944,0.0,423.0,Offenbach,20230110
275,1R,Low,6.0,6.0,0.0,0.0,Actor,1.3169269561767578,1.0,1.0,1.0,0.0,0.0,424.0,Offenbach,20230110
276,1R,Low,1.0,1.0,0.0,0.0,Observer,1.4834201335906982,1.0,4.0,1.0,0.0,0.0,427.0,Offenbach,20230110
277,1R,Low,1.0,1.0,0.0,0.0,Actor,1.3494226932525635,1.0,5.0,1.0,0.0,0.0,428.0,Offenbach,20230110
278,1R,Low,3.0,3.0,0.0,0.0,Actor,1.2163009643554688,1.0,7.0,1.0,0.0,0.0,430.0,Offenbach,20230110
279,1R,Low,8.0,8.0,0.0,0.0,Actor,1.033092737197876,1.0,0.0,1.0,0.0,0.0,437.0,Offenbach,20230110
280,1R,Low,7.0,7.0,0.0,0.0,Observer,0.9835989475250244,1.0,1.0,0.3708638205836507,0.6236100544745634,0.0,438.0,Offenbach,20230110
281,1R,Low,3.0,3.0,0.0,0.0,Observer,1.0160939693450928,1.0,2.0,0.6139672155898241,0.3994377352887013,0.0,439.0,Offenbach,20230110
282,1R,Low,6.0,6.0,0.0,0.0,Actor,1.2664821147918701,1.0,0.0,0.987366699726724,0.0,0.0,450.0,Offenbach,20230110
283,1R,Low,1.0,1.0,0.0,0.0,Observer,0.9826290607452393,1.0,1.0,1.0,0.0,0.0,451.0,Offenbach,20230110
284,1R,Low,2.0,2.0,0.0,0.0,Observer,1.1999361515045166,1.0,2.0,0.9995975476516348,0.0,0.0,452.0,Offenbach,20230110
285,1R,Low,3.0,3.0,0.0,0.0,Actor,1.083225965499878,1.0,3.0,0.9999286103021132,0.0,0.0,453.0,Offenbach,20230110
286,1R,Low,5.0,5.0,0.0,0.0,Actor,1.1169321537017822,1.0,4.0,0.9998733820502756,0.0,0.0,454.0,Offenbach,20230110
287,1R,Low,1.0,1.0,0.0,0.0,Observer,1.0332982540130615,1.0,5.0,0.9988762642244732,0.0,0.0,455.0,Offenbach,20230110
288,1R,Low,3.0,3.0,0.0,0.0,Actor,1.3666439056396484,1.0,9.0,0.9998114880642326,0.0,0.0,459.0,Offenbach,20230110
289,1R,Med,9.0,9.0,0.0,0.0,Actor,1.3837890625,1.0,10.0,0.999954051626265,0.0,0.0,460.0,Offenbach,20230110
290,1R,Low,3.0,3.0,0.0,0.0,Observer,2.833066940307617,1.0,11.0,0.7770700636942676,0.2393084622383985,0.0,461.0,Offenbach,20230110
291,1R,Low,2.0,2.0,0.0,0.0,Actor,1.083662986755371,1.0,12.0,1.0,0.0,0.0,462.0,Offenbach,20230110
292,1R,Low,3.0,3.0,0.0,0.0,Actor,1.1502749919891357,1.0,13.0,1.0,0.1195200738347946,0.0,463.0,Offenbach,20230110
293,1R,Low,3.0,3.0,0.0,1.0,Actor,1.1159241199493408,-1.0,14.0,0.9999210588684616,0.0,0.0,464.0,Offenbach,20230110
294,1R,Low,1.0,1.0,0.0,0.0,Observer-incongruent,1.9488933086395264,1.0,0.0,0.0,0.7813481593286267,0.0,466.0,Offenbach,20230110
295,1R,Low,4.0,4.0,0.0,0.0,Actor,0.9996249675750732,1.0,1.0,0.9036312849162011,0.1019553072625698,0.0,467.0,Offenbach,20230110
296,1R,Low,5.0,5.0,0.0,0.0,Actor,1.016232967376709,1.0,2.0,0.9999323734715804,0.0,0.0,468.0,Offenbach,20230110
297,1R,Low,8.0,8.0,0.0,0.0,Observer,1.0327389240264893,1.0,3.0,0.3744760433753437,0.6478605656318406,0.0,469.0,Offenbach,20230110
298,1R,Low,5.0,5.0,0.0,0.0,Actor,1.0335500240325928,1.0,5.0,1.0,0.0,0.0,471.0,Offenbach,20230110
299,1R,Low,2.0,2.0,0.0,0.0,Actor,1.1331140995025635,1.0,6.0,0.9996361651751648,0.0,0.0,472.0,Offenbach,20230110
300,1R,Low,7.0,7.0,0.0,0.0,Observer,1.0833001136779785,1.0,7.0,0.2746448577348062,0.618031612881497,0.0,473.0,Offenbach,20230110
301,1R,Low,2.0,2.0,0.0,0.0,Actor,1.45027494430542,1.0,8.0,0.9996859559712726,0.0,0.0,474.0,Offenbach,20230110
302,1R,Low,3.0,3.0,0.0,1.0,Observer,0.9832580089569092,-1.0,9.0,0.5391104761763577,0.4172393481239314,0.0,475.0,Offenbach,20230110
303,1R,Low,1.0,1.0,0.0,0.0,Actor-incongruent,1.0835049152374268,1.0,0.0,1.0,0.0,0.0,477.0,Offenbach,20230110
304,1R,Low,4.0,4.0,0.0,0.0,Actor,1.0500857830047607,1.0,1.0,0.9997566090316924,0.0,0.0,478.0,Offenbach,20230110
305,1R,Low,1.0,1.0,0.0,0.0,Actor,1.1503798961639404,1.0,3.0,0.9999835102757806,0.0,0.0,480.0,Offenbach,20230110
306,1R,Low,5.0,5.0,0.0,0.0,Actor,1.3834750652313232,1.0,4.0,1.0,0.0,0.0,481.0,Offenbach,20230110
307,1R,Low,1.0,1.0,0.0,0.0,Actor,1.4664340019226074,1.0,7.0,1.0,0.0,0.0,484.0,Offenbach,20230110
308,1R,Med,11.0,11.0,0.0,0.0,Observer,1.7170350551605225,1.0,8.0,0.6566040410074445,0.1701771119498002,0.0,485.0,Offenbach,20230110
309,1R,Low,1.0,1.0,1.0,0.0,Observer-incongruent,2.2497310638427734,-1.0,0.0,0.0,0.8099808150235532,0.0,488.0,Offenbach,20230110
310,1R,Low,1.0,1.0,0.0,0.0,Observer,1.0828392505645752,1.0,2.0,0.997466649228196,0.0021450895682326,0.0,490.0,Offenbach,20230110
311,1R,Low,5.0,5.0,0.0,0.0,Actor-incongruent,1.0490381717681885,1.0,5.0,0.9269089424254798,0.0792160065332788,0.0,493.0,Offenbach,20230110
312,1R,Low,2.0,2.0,0.0,0.0,Actor,1.0163321495056152,1.0,6.0,1.0,0.0,0.0,494.0,Offenbach,20230110
313,1R,Low,3.0,3.0,0.0,0.0,Actor-incongruent,1.0833258628845215,1.0,8.0,0.99990741597358,0.0,0.0,496.0,Offenbach,20230110
314,1R,Low,2.0,2.0,0.0,0.0,Actor,1.3170087337493896,1.0,9.0,1.0,0.0,0.0,497.0,Offenbach,20230110
315,1R,Low,5.0,5.0,0.0,0.0,Actor,0.9819231033325195,1.0,10.0,1.0,0.0,0.0,498.0,Offenbach,20230110
316,1R,Low,8.0,8.0,0.0,0.0,Actor,1.2168807983398438,1.0,11.0,0.9999531900121108,0.0,0.0,499.0,Offenbach,20230110
317,1R,Low,3.0,3.0,0.0,0.0,Observer,1.1836018562316895,1.0,0.0,0.5200785213847068,0.2031447647287915,0.0,503.0,Offenbach,20230110
318,1R,Low,2.0,2.0,0.0,0.0,Observer,1.084265947341919,1.0,1.0,1.0,0.0,0.0,504.0,Offenbach,20230110
319,1R,Low,2.0,2.0,1.0,0.0,Observer-incongruent,1.383479118347168,-1.0,4.0,0.1594836314243744,0.7096125622927221,0.0,507.0,Offenbach,20230110
320,1R,Low,3.0,3.0,1.0,0.0,Observer-incongruent,1.0502653121948242,-1.0,5.0,0.0,1.0,0.0,508.0,Offenbach,20230110
321,1R,Low,6.0,6.0,1.0,0.0,Observer-incongruent,1.36692214012146,-1.0,6.0,0.6703464908316513,0.3167378390414612,0.0,509.0,Offenbach,20230110
322,1R,Low,4.0,4.0,1.0,0.0,Observer-incongruent,1.5829229354858398,-1.0,7.0,0.2034993719303604,0.7191945674647275,0.0,510.0,Offenbach,20230110
323,1R,Low,4.0,4.0,0.0,0.0,Observer,1.266895055770874,1.0,11.0,0.9998702192215464,0.0,0.0,514.0,Offenbach,20230110
324,1R,Low,8.0,8.0,0.0,0.0,Observer,1.4332008361816406,1.0,16.0,0.6117749015011418,0.2795676491120118,0.0,519.0,Offenbach,20230110
325,1R,Low,3.0,3.0,0.0,0.0,Actor,1.082880973815918,1.0,17.0,0.9999781272301188,0.0,0.0,520.0,Offenbach,20230110
326,1R,Low,3.0,3.0,0.0,1.0,Actor,1.1672182083129883,-1.0,18.0,1.0,0.0645293875873407,0.0,521.0,Offenbach,20230110
327,1R,Low,2.0,2.0,1.0,0.0,Observer-incongruent,1.7833049297332764,-1.0,0.0,0.0,0.925587626346828,0.0,526.0,Offenbach,20230110
328,1R,Low,3.0,3.0,1.0,0.0,Observer-incongruent,1.349585771560669,-1.0,1.0,0.057378961226708,0.9593547816315958,0.0,527.0,Offenbach,20230110
329,1R,Low,8.0,8.0,1.0,0.0,Observer-incongruent,1.5167820453643799,-1.0,2.0,0.0023910625270766,0.8185404051025685,0.0,528.0,Offenbach,20230110
330,1R,Low,6.0,6.0,0.0,0.0,Observer,0.9996862411499023,1.0,4.0,0.2062697974475297,0.6897685009352631,0.0,530.0,Offenbach,20230110
331,1R,Low,4.0,4.0,0.0,0.0,Actor,0.9997639656066895,1.0,5.0,1.0,0.0,0.0,531.0,Offenbach,20230110
332,1R,Low,1.0,1.0,0.0,0.0,Observer,1.0996959209442139,1.0,6.0,0.3045832797733201,0.6468901767662717,0.0,532.0,Offenbach,20230110
333,1R,Low,3.0,3.0,0.0,0.0,Actor-incongruent,1.3988218307495117,1.0,0.0,0.9996788741072316,0.0,0.0,537.0,Offenbach,20230110
334,1R,High,12.0,12.0,0.0,0.0,Observer,1.2331888675689697,1.0,1.0,0.7315504009296763,0.1882934442778144,0.0,538.0,Offenbach,20230110
335,1R,Low,2.0,2.0,0.0,0.0,Actor,1.1162071228027344,1.0,2.0,1.0,0.0,0.0,539.0,Offenbach,20230110
336,1R,Low,1.0,1.0,0.0,0.0,Observer,1.183034896850586,1.0,3.0,1.0,0.0,0.0,540.0,Offenbach,20230110
337,1R,Low,2.0,2.0,0.0,0.0,Observer,1.350409984588623,1.0,4.0,0.5692612137203166,0.0,0.0,541.0,Offenbach,20230110
338,1R,Low,6.0,6.0,0.0,0.0,Actor,1.3832271099090576,1.0,5.0,0.999851173465614,0.0,0.0,542.0,Offenbach,20230110
339,1R,Low,7.0,7.0,0.0,0.0,Actor,0.9830968379974365,1.0,6.0,1.0,0.0,0.0,543.0,Offenbach,20230110
340,1R,Low,4.0,4.0,0.0,0.0,Observer,1.083315134048462,1.0,7.0,0.8859366473164689,0.1964345154113832,0.0,544.0,Offenbach,20230110
341,1R,Low,5.0,5.0,0.0,0.0,Actor,1.016880989074707,1.0,8.0,1.0,0.0,0.0,545.0,Offenbach,20230110
342,1R,Low,1.0,1.0,0.0,0.0,Observer,1.133321762084961,1.0,9.0,0.885857879903394,0.133546414055788,0.0,546.0,Offenbach,20230110
343,1R,Low,6.0,6.0,0.0,0.0,Observer,1.383720874786377,1.0,10.0,0.4628099173553719,0.3334531081566654,0.0,547.0,Offenbach,20230110
344,1R,Low,3.0,3.0,0.0,1.0,Actor,1.216782808303833,-1.0,11.0,1.0,0.0,0.0,548.0,Offenbach,20230110
345,1R,Low,1.0,1.0,0.0,0.0,Actor,0.9828469753265381,1.0,0.0,1.0,0.0,0.0,551.0,Offenbach,20230110
346,1R,Low,1.0,1.0,0.0,0.0,Observer,1.1498308181762695,1.0,1.0,0.5444049014654481,0.3302984174358713,0.0,552.0,Offenbach,20230110
347,1R,Low,1.0,1.0,0.0,0.0,Actor,1.1166367530822754,1.0,2.0,0.9998669705055644,0.0,0.0,553.0,Offenbach,20230110
348,1R,Low,8.0,8.0,0.0,0.0,Observer,1.149111032485962,1.0,3.0,0.5714207468406591,0.2243550582065629,0.0,554.0,Offenbach,20230110
349,1R,Low,2.0,2.0,0.0,0.0,Observer,1.033012866973877,1.0,4.0,0.5874840357598978,0.4329501915708812,0.0,555.0,Offenbach,20230110
350,1R,Low,1.0,1.0,0.0,0.0,Actor,0.9826416969299316,1.0,5.0,1.0,0.0,0.0,556.0,Offenbach,20230110
351,1R,Low,1.0,1.0,0.0,0.0,Observer,0.9837009906768799,1.0,6.0,0.9993678831160708,0.0,0.0,557.0,Offenbach,20230110
352,1R,Low,5.0,5.0,0.0,0.0,Observer,0.9999680519104004,1.0,7.0,0.4435982865302237,0.581151832460733,0.0,558.0,Offenbach,20230110
353,1R,High,13.0,13.0,1.0,0.0,Observer,1.100132703781128,-1.0,8.0,0.2120084451057486,0.7155028973472269,0.0,559.0,Offenbach,20230110
354,1R,Low,8.0,8.0,1.0,0.0,Observer-incongruent,1.0668153762817383,-1.0,9.0,0.1023478653195926,0.7984191354001299,0.0,560.0,Offenbach,20230110
355,1R,Low,2.0,2.0,1.0,0.0,Observer-incongruent,1.9159440994262695,-1.0,10.0,0.0,0.7634212920837125,0.0,561.0,Offenbach,20230110
356,1R,Med,10.0,10.0,1.0,1.0,Observer-incongruent,0.9833049774169922,1.0,11.0,0.0,0.8401174490900086,0.0,562.0,Offenbach,20230110
357,1R,Low,4.0,4.0,0.0,0.0,Actor-incongruent,1.2495510578155518,1.0,0.0,1.0,0.0,0.0,563.0,Offenbach,20230110
358,1R,Low,2.0,2.0,0.0,0.0,Observer,1.3168449401855469,1.0,4.0,0.6833892818904505,0.2952307487348637,0.0,567.0,Offenbach,20230110
359,1R,Low,3.0,3.0,0.0,0.0,Observer,0.9832513332366943,1.0,5.0,0.8884238206311145,0.0,0.0,568.0,Offenbach,20230110
360,1R,Low,5.0,5.0,0.0,0.0,Actor,1.0323340892791748,1.0,6.0,1.0,0.0,0.0,569.0,Offenbach,20230110
361,1R,Low,2.0,2.0,0.0,0.0,Actor,1.4998736381530762,1.0,8.0,0.9818016378525932,0.0272975432211101,0.0,571.0,Offenbach,20230110
362,1R,Low,2.0,2.0,0.0,0.0,Actor,0.9825561046600342,1.0,9.0,1.0,0.0,0.0,572.0,Offenbach,20230110
363,1R,Low,8.0,8.0,0.0,0.0,Actor,1.166443109512329,1.0,10.0,1.0,0.0,0.0,573.0,Offenbach,20230110
364,1R,Low,8.0,8.0,0.0,0.0,Actor,1.416614055633545,1.0,11.0,0.9999014731238508,0.0,0.0,574.0,Offenbach,20230110
365,1R,Low,1.0,1.0,0.0,0.0,Observer,1.1332437992095947,1.0,12.0,0.999094171644342,0.0,0.0,575.0,Offenbach,20230110
366,1R,Low,2.0,2.0,0.0,0.0,Actor-incongruent,1.3332538604736328,1.0,0.0,0.9872286079182632,0.2579821200510855,0.0,580.0,Offenbach,20230110
367,1R,Low,2.0,2.0,0.0,0.0,Observer,1.1163678169250488,1.0,1.0,0.5649059982094897,0.4637421665174575,0.0,581.0,Offenbach,20230110
368,1R,Low,2.0,2.0,0.0,0.0,Observer,1.183096170425415,1.0,2.0,0.6592442645074224,0.6808367071524967,0.0,582.0,Offenbach,20230110
369,1R,Low,5.0,5.0,0.0,0.0,Actor,1.0668079853057861,1.0,3.0,0.9998088968352647,0.0,0.0,583.0,Offenbach,20230110
370,1R,Low,7.0,7.0,0.0,0.0,Actor,1.1836738586425781,1.0,5.0,0.9998471442160968,0.0,0.0,585.0,Offenbach,20230110
371,1R,Low,3.0,3.0,0.0,1.0,Observer,1.0828261375427246,-1.0,9.0,0.5706661230053182,0.3749831621661739,0.0,589.0,Offenbach,20230110
372,1R,Low,6.0,6.0,0.0,0.0,Observer,1.133052110671997,1.0,0.0,0.7533489845029198,0.1004679301872236,0.0,592.0,Offenbach,20230110
373,1R,Low,4.0,4.0,0.0,0.0,Actor,1.0000181198120117,1.0,2.0,1.0,0.0,0.0,594.0,Offenbach,20230110
374,1R,Low,5.0,5.0,0.0,0.0,Observer,0.9990460872650146,1.0,3.0,0.8090024330900243,0.1034063260340632,0.0,595.0,Offenbach,20230110
375,1R,Low,8.0,8.0,0.0,0.0,Observer,2.11629319190979,1.0,4.0,0.6458868297680572,0.1566132666871218,0.0,596.0,Offenbach,20230110
376,1R,Low,1.0,1.0,0.0,0.0,Actor,1.100450038909912,1.0,0.0,0.9242043192604636,0.0837702437162193,0.0,605.0,Offenbach,20230110
377,1R,Low,4.0,4.0,0.0,0.0,Observer,1.28340482711792,1.0,1.0,0.4750008223949811,0.5140419858795001,0.0,606.0,Offenbach,20230110
378,1R,Low,1.0,1.0,0.0,0.0,Actor,1.1339657306671143,1.0,2.0,0.9999495238621792,0.0,0.0,607.0,Offenbach,20230110
379,1R,Low,2.0,2.0,0.0,0.0,Actor,1.1659979820251465,1.0,3.0,0.86,0.1609090909090909,0.0,608.0,Offenbach,20230110
380,1R,Low,2.0,2.0,0.0,0.0,Actor,1.1998107433319092,1.0,5.0,1.0,0.0,0.0,610.0,Offenbach,20230110
381,1R,Low,1.0,1.0,0.0,0.0,Observer-incongruent,1.082266092300415,1.0,0.0,0.3205828779599271,0.3979963570127504,0.0,612.0,Offenbach,20230110
382,1R,Med,9.0,9.0,0.0,0.0,Observer,1.9164161682128906,1.0,1.0,0.8277849017952101,0.2173627373246134,0.0,613.0,Offenbach,20230110
383,1R,Low,4.0,4.0,0.0,0.0,Observer,2.3332579135894775,1.0,2.0,0.9315151460149832,0.0746607645120623,0.0,614.0,Offenbach,20230110
384,1R,Low,2.0,2.0,0.0,0.0,Actor,1.1837549209594727,1.0,3.0,0.9999754551409328,0.0,0.0,615.0,Offenbach,20230110
385,1R,Low,6.0,6.0,0.0,0.0,Actor,1.1999590396881104,1.0,4.0,1.0,0.0,0.0,616.0,Offenbach,20230110
386,1R,Low,7.0,7.0,0.0,0.0,Actor,1.1336069107055664,1.0,5.0,0.999789019244676,0.0,0.0,617.0,Offenbach,20230110
387,1R,Low,2.0,2.0,0.0,0.0,Observer,1.3164589405059814,1.0,6.0,1.0,0.0,0.0,618.0,Offenbach,20230110
388,1R,Med,11.0,11.0,0.0,0.0,Actor,0.9835078716278076,1.0,7.0,0.9999601330230132,0.0,0.0,619.0,Offenbach,20230110
389,1R,Low,5.0,5.0,0.0,0.0,Actor,1.383443832397461,1.0,8.0,0.9998638380423542,0.0,0.0,620.0,Offenbach,20230110
390,1R,Low,1.0,1.0,0.0,0.0,Observer,1.699220895767212,1.0,9.0,1.0,0.0,0.0,621.0,Offenbach,20230110
391,1R,Low,6.0,6.0,0.0,0.0,Actor,1.384289026260376,1.0,10.0,1.0,0.0,0.0,622.0,Offenbach,20230110
392,1R,Low,5.0,5.0,0.0,0.0,Actor,1.1497831344604492,1.0,0.0,1.0,0.0,0.0,624.0,Offenbach,20230110
393,1R,Low,3.0,3.0,0.0,0.0,Actor,1.2003309726715088,1.0,2.0,0.9997329905673434,0.0,0.0,626.0,Offenbach,20230110
394,1R,Low,3.0,3.0,0.0,0.0,Observer,1.599745750427246,1.0,3.0,0.5052410901467506,0.4975541579315164,0.0,627.0,Offenbach,20230110
395,1R,High,12.0,12.0,0.0,0.0,Observer,1.4170377254486084,1.0,10.0,0.4280313850570172,0.5573207807542607,0.0,634.0,Offenbach,20230110
396,1R,Low,1.0,1.0,0.0,0.0,Observer,1.3497109413146973,1.0,11.0,1.0,0.0,0.0,635.0,Offenbach,20230110
397,1R,Low,8.0,8.0,0.0,1.0,Actor,1.0321218967437744,-1.0,12.0,0.99983326446368,0.0,0.0,636.0,Offenbach,20230110
398,1R,Low,4.0,4.0,0.0,0.0,Actor,1.4827179908752441,1.0,0.0,0.9657225633380556,0.0,0.0,639.0,Offenbach,20230110
399,1R,Low,1.0,1.0,0.0,0.0,Actor,1.4497599601745605,1.0,1.0,1.0,0.0,0.0,640.0,Offenbach,20230110
400,1R,Low,4.0,4.0,0.0,0.0,Observer,1.5329742431640625,1.0,2.0,0.7157178780544671,0.298970759187309,0.0,641.0,Offenbach,20230110
401,1R,Low,3.0,3.0,0.0,0.0,Observer,1.1492371559143066,1.0,3.0,0.9349137091730546,0.0351664789688947,0.0,642.0,Offenbach,20230110
402,1R,Low,1.0,1.0,0.0,0.0,Actor,1.0498700141906738,1.0,4.0,1.0,0.0,0.0,643.0,Offenbach,20230110
403,1R,Low,3.0,3.0,0.0,0.0,Actor,1.1672613620758057,1.0,5.0,0.9997480161950394,0.0,0.0,644.0,Offenbach,20230110
404,1R,Low,6.0,6.0,0.0,0.0,Actor,1.416443109512329,1.0,7.0,1.0,0.0,0.0,646.0,Offenbach,20230110
405,1R,Low,3.0,3.0,0.0,0.0,Actor-incongruent,1.0504670143127441,1.0,0.0,1.0,0.0,0.0,651.0,Offenbach,20230110
406,1R,Low,7.0,7.0,0.0,0.0,Actor,1.183082103729248,1.0,1.0,1.0,0.0,0.0,652.0,Offenbach,20230110
407,1R,Low,8.0,8.0,0.0,0.0,Observer,1.100121021270752,1.0,2.0,0.6301717097527174,0.3390022035144521,0.0,653.0,Offenbach,20230110
408,1R,Low,2.0,2.0,0.0,0.0,Observer,1.199075698852539,1.0,3.0,0.925108387178068,0.0140555141698325,0.0,654.0,Offenbach,20230110
409,1R,Low,3.0,3.0,0.0,0.0,Actor,1.0830981731414795,1.0,4.0,0.9999172043111932,0.0,0.0,655.0,Offenbach,20230110
410,1R,Low,1.0,1.0,0.0,0.0,Observer,0.9828948974609375,1.0,5.0,0.422338810383301,0.4805924394016873,0.0,656.0,Offenbach,20230110
411,1R,Low,6.0,6.0,0.0,0.0,Actor,0.9998033046722412,1.0,6.0,0.9838711199611704,0.0005243118145276,0.0,657.0,Offenbach,20230110
412,1R,Low,2.0,2.0,0.0,0.0,Actor,1.0669889450073242,1.0,7.0,0.9995969367178558,0.0,0.0,658.0,Offenbach,20230110
413,1R,Low,4.0,4.0,0.0,0.0,Actor,1.1327149868011475,1.0,8.0,1.0,0.0,0.0,659.0,Offenbach,20230110
414,1R,Low,3.0,3.0,0.0,0.0,Actor,1.0668368339538574,1.0,9.0,0.9999848173553308,0.0,0.0,660.0,Offenbach,20230110
415,1R,Low,6.0,6.0,0.0,1.0,Observer,1.14973783493042,-1.0,10.0,0.2684381975456956,0.501407083703972,0.0,661.0,Offenbach,20230110
416,1R,Low,1.0,1.0,0.0,0.0,Observer,1.2002191543579102,1.0,0.0,0.999879842755474,0.0,0.0,664.0,Offenbach,20230110
417,1R,Low,1.0,1.0,0.0,0.0,Actor,1.2829928398132324,1.0,1.0,1.0,0.0,0.0,665.0,Offenbach,20230110
418,1R,Low,7.0,7.0,0.0,0.0,Actor,1.0001790523529053,1.0,2.0,1.0,0.0,0.0,666.0,Offenbach,20230110
419,1R,Low,6.0,6.0,1.0,0.0,Observer-incongruent,1.1831622123718262,-1.0,7.0,0.4734766680085149,0.2591575159386311,0.0,671.0,Offenbach,20230110
420,1R,Low,5.0,5.0,1.0,1.0,Observer-incongruent,1.3662829399108887,1.0,8.0,0.3687431480752362,0.4519721695391535,0.0,672.0,Offenbach,20230110
421,1R,Low,7.0,7.0,0.0,0.0,Actor-incongruent,1.0005860328674316,1.0,0.0,0.9787573021773766,0.0236325013276686,0.0,675.0,Offenbach,20230110
422,1R,Low,1.0,1.0,0.0,0.0,Actor,1.332859992980957,1.0,1.0,0.999096798646716,0.0,0.0,676.0,Offenbach,20230110
423,1R,Med,10.0,10.0,0.0,0.0,Observer,1.3662140369415283,1.0,2.0,0.3293058004870311,0.5451981747059419,0.0,677.0,Offenbach,20230110
424,1R,Low,1.0,1.0,0.0,0.0,Actor,1.1828961372375488,1.0,3.0,1.0,0.0,0.0,678.0,Offenbach,20230110
425,1R,Low,3.0,3.0,0.0,0.0,Actor,1.0828330516815186,1.0,4.0,1.0,0.0,0.0,679.0,Offenbach,20230110
426,1R,Low,2.0,2.0,0.0,0.0,Observer,1.0160927772521973,1.0,5.0,0.5429357059046682,0.3702971634741516,0.0,680.0,Offenbach,20230110
427,1R,Low,2.0,2.0,0.0,0.0,Observer,1.2167510986328125,1.0,6.0,0.77125,0.23625,0.0,681.0,Offenbach,20230110
428,1R,Med,10.0,10.0,0.0,0.0,Observer,1.1996610164642334,1.0,7.0,0.3914511703798564,0.4564030682799215,0.0,682.0,Offenbach,20230110
429,1R,Low,7.0,7.0,0.0,0.0,Actor,1.0661630630493164,1.0,8.0,0.999852101443354,0.0,0.0,683.0,Offenbach,20230110
430,1R,Low,1.0,1.0,0.0,0.0,Actor,1.3331730365753174,1.0,9.0,0.9990410989362766,0.0,0.0,684.0,Offenbach,20230110
431,1R,Low,1.0,1.0,0.0,0.0,Actor-incongruent,1.8666191101074219,1.0,0.0,0.998322263975138,0.0,0.0,689.0,Offenbach,20230110
432,1R,Low,4.0,4.0,0.0,0.0,Actor,1.0337631702423096,1.0,1.0,1.0,0.0,0.0,690.0,Offenbach,20230110
433,1R,Low,4.0,4.0,0.0,0.0,Observer,1.1162159442901611,1.0,2.0,0.8386059890753589,0.2506288353713857,0.0,691.0,Offenbach,20230110
434,1R,Low,5.0,5.0,0.0,0.0,Observer,1.466966152191162,1.0,3.0,0.564570400412794,0.2231447736465827,0.0,692.0,Offenbach,20230110
435,1R,Low,1.0,1.0,0.0,0.0,Observer,1.6499969959259033,1.0,4.0,0.8798561537466079,0.0,0.0,693.0,Offenbach,20230110
436,1R,Low,5.0,5.0,0.0,0.0,Observer,1.8496460914611816,1.0,5.0,0.6938049115773371,0.2801176494131416,0.0,694.0,Offenbach,20230110
437,1R,Low,2.0,2.0,0.0,0.0,Actor,1.1665167808532715,1.0,6.0,1.0,0.0,0.0,695.0,Offenbach,20230110
438,1R,Low,4.0,4.0,0.0,0.0,Observer,1.2501649856567383,1.0,7.0,0.7471990385099834,0.0,0.0,696.0,Offenbach,20230110
439,1R,Low,1.0,1.0,0.0,0.0,Observer,1.1338629722595215,1.0,8.0,1.0,0.0,0.0,697.0,Offenbach,20230110
440,1R,Low,6.0,6.0,1.0,0.0,Observer,1.5158848762512207,-1.0,9.0,0.7922012715229034,0.0,0.0,698.0,Offenbach,20230110
441,1R,Low,3.0,3.0,0.0,0.0,Actor-incongruent,1.1176261901855469,1.0,11.0,0.9996016146388094,0.0,0.0,700.0,Offenbach,20230110
442,1R,Low,3.0,3.0,0.0,0.0,Observer,1.299853801727295,1.0,12.0,0.9994225356541552,0.0,0.0,701.0,Offenbach,20230110
443,1R,Low,5.0,5.0,0.0,1.0,Observer,1.5832571983337402,-1.0,13.0,0.6438356164383562,0.0,0.0,702.0,Offenbach,20230110
444,1R,Low,1.0,1.0,1.0,0.0,Observer-incongruent,3.166508674621582,-1.0,0.0,0.111048794167134,0.8687605159842962,0.0,706.0,Offenbach,20230110
445,1R,Low,5.0,5.0,0.0,0.0,Observer-incongruent,1.666778802871704,1.0,2.0,0.0947545591443162,0.4545768289983793,0.0,708.0,Offenbach,20230110
446,1R,High,12.0,12.0,0.0,0.0,Observer,1.7166290283203125,1.0,3.0,0.4706438060806139,0.4391699590176801,0.0,709.0,Offenbach,20230110
447,1R,Low,8.0,8.0,0.0,0.0,Actor,1.3993580341339111,1.0,4.0,0.9840068399079512,0.0,0.0,710.0,Offenbach,20230110
448,1R,Med,10.0,10.0,0.0,0.0,Observer,1.1665589809417725,1.0,8.0,0.4606977963208654,0.3096210875523023,0.0,714.0,Offenbach,20230110
449,1R,Med,9.0,9.0,1.0,0.0,Observer,2.399772882461548,-1.0,9.0,0.324345295455737,0.6743789303739196,0.0,715.0,Offenbach,20230110
450,1R,Low,5.0,5.0,1.0,0.0,Observer-incongruent,1.9331388473510742,-1.0,10.0,0.0,0.9731989028885132,0.0,716.0,Offenbach,20230110
451,1R,Low,1.0,1.0,0.0,1.0,Actor,1.5331699848175049,-1.0,13.0,0.9997889435462596,0.0,0.0,719.0,Offenbach,20230110
452,1R,Low,1.0,1.0,0.0,0.0,Observer,1.3495311737060547,1.0,0.0,0.999887371884978,0.0,0.0,723.0,Offenbach,20230110
453,1R,Low,1.0,1.0,0.0,0.0,Actor,1.2992918491363525,1.0,1.0,0.9990414425890451,0.0,0.0,724.0,Offenbach,20230110
454,1R,Med,10.0,10.0,0.0,0.0,Actor,1.3009347915649414,1.0,2.0,0.9999751156347484,0.0,0.0,725.0,Offenbach,20230110
455,1R,Low,5.0,5.0,0.0,0.0,Actor,1.6500170230865479,1.0,3.0,1.0,0.0,0.0,726.0,Offenbach,20230110
456,1R,Low,7.0,7.0,0.0,0.0,Actor,1.2332470417022705,1.0,4.0,0.994514359470797,0.0083898031623104,0.0,727.0,Offenbach,20230110
457,1R,Low,1.0,1.0,1.0,0.0,Observer-incongruent,2.0999250411987305,-1.0,7.0,0.2421676545300592,0.5698560541913632,0.0,730.0,Offenbach,20230110
458,1R,High,15.0,15.0,1.0,0.0,Observer-incongruent,1.3339250087738037,-1.0,9.0,0.5647511119643649,0.1939017792976339,0.0,732.0,Offenbach,20230110
459,1R,Low,3.0,3.0,1.0,1.0,Observer-incongruent,1.4336466789245605,1.0,10.0,0.3419399860432658,0.2923935799023028,0.0,733.0,Offenbach,20230110
460,1R,Low,6.0,6.0,0.0,0.0,Actor,1.3831548690795898,1.0,0.0,0.9742577522916208,0.0,0.0,737.0,Offenbach,20230110
461,1R,Low,3.0,3.0,0.0,0.0,Observer,1.2160189151763916,1.0,1.0,0.6604194397230695,0.3259848143548888,0.0,738.0,Offenbach,20230110
462,1R,Low,8.0,8.0,0.0,0.0,Actor,0.9835219383239746,1.0,2.0,0.9776344405302988,0.0,0.0,739.0,Offenbach,20230110
463,1R,Low,5.0,5.0,0.0,0.0,Actor,1.199554681777954,1.0,3.0,0.9846499538906476,0.0061006812508714,0.0,740.0,Offenbach,20230110
464,1R,Low,1.0,1.0,0.0,0.0,Observer,1.4490797519683838,1.0,4.0,0.5685992068384714,0.3176312810614909,0.0,741.0,Offenbach,20230110
465,1R,Low,2.0,2.0,0.0,0.0,Observer,1.317627191543579,1.0,5.0,0.742483660130719,0.1777777777777777,0.0,742.0,Offenbach,20230110
466,1R,Low,1.0,1.0,0.0,0.0,Actor,1.2664620876312256,1.0,6.0,1.0,0.0,0.0,743.0,Offenbach,20230110
467,1R,Low,8.0,8.0,0.0,0.0,Observer,0.9996309280395508,1.0,7.0,0.1436318789176806,0.8059523632751654,0.0,744.0,Offenbach,20230110
468,1R,Low,2.0,2.0,0.0,1.0,Actor,1.2668638229370117,-1.0,8.0,1.0,0.0,0.0,745.0,Offenbach,20230110
469,1R,Low,1.0,1.0,0.0,0.0,Observer,0.9832539558410645,1.0,0.0,1.0,0.0,0.0,747.0,Offenbach,20230110
470,1R,Med,11.0,11.0,0.0,0.0,Actor,1.1671910285949707,1.0,1.0,0.9989064492620874,0.0,0.0,748.0,Offenbach,20230110
471,1R,Low,3.0,3.0,0.0,0.0,Observer,1.232787847518921,1.0,2.0,0.983009012111085,0.0,0.0,749.0,Offenbach,20230110
472,1R,Low,7.0,7.0,0.0,0.0,Observer,1.2001159191131592,1.0,3.0,0.5575927991988702,0.1661070412311595,0.0,750.0,Offenbach,20230110
473,1R,Low,1.0,1.0,0.0,0.0,Observer,0.9834198951721191,1.0,4.0,0.9995700963929584,0.0,0.0,751.0,Offenbach,20230110
474,1R,Low,8.0,8.0,0.0,0.0,Actor,1.3502769470214844,1.0,5.0,0.9935659446555632,0.0,0.0,752.0,Offenbach,20230110
475,1R,Low,5.0,5.0,0.0,0.0,Actor,2.900548219680786,1.0,6.0,0.9997983871692347,0.0,0.0,753.0,Offenbach,20230110
476,1R,Low,3.0,3.0,0.0,0.0,Observer,1.2344756126403809,1.0,7.0,0.851128906431824,0.3095014205206632,0.0,754.0,Offenbach,20230110
477,1R,Low,3.0,3.0,0.0,0.0,Actor,1.1667938232421875,1.0,8.0,1.0,0.0,0.0,755.0,Offenbach,20230110
478,1R,Low,2.0,2.0,0.0,0.0,Actor,1.0665826797485352,1.0,9.0,0.999734419109362,0.0,0.0,756.0,Offenbach,20230110
479,1R,Low,5.0,5.0,0.0,0.0,Actor-incongruent,1.166208028793335,1.0,0.0,0.9512032721360988,0.0257953429731823,0.0,759.0,Offenbach,20230110
480,1R,Low,1.0,1.0,0.0,0.0,Observer,0.9829239845275879,1.0,1.0,0.9998094358066488,0.0,0.0,760.0,Offenbach,20230110
481,1R,Low,2.0,2.0,0.0,0.0,Observer,1.1830089092254639,1.0,2.0,0.4911452517916665,0.5273627973374548,0.0,761.0,Offenbach,20230110
482,1R,Med,10.0,10.0,0.0,0.0,Observer,1.04966402053833,1.0,3.0,0.6307730249759611,0.3975133547229093,0.0,762.0,Offenbach,20230110
483,1R,Low,7.0,7.0,0.0,0.0,Observer,1.0333330631256104,1.0,4.0,0.4624225495110206,0.4410067539075943,0.0,763.0,Offenbach,20230110
484,1R,Low,8.0,8.0,0.0,0.0,Observer,0.9994051456451416,1.0,5.0,0.4350107716955951,0.5821389569943495,0.0,764.0,Offenbach,20230110
485,1R,Low,2.0,2.0,0.0,0.0,Actor,1.0828418731689453,1.0,6.0,0.9995847794598468,0.0,0.0,765.0,Offenbach,20230110
486,1R,Low,1.0,1.0,0.0,0.0,Observer,1.2677631378173828,1.0,7.0,0.9110628535271194,0.4426563797083312,0.0,766.0,Offenbach,20230110
487,1R,Low,5.0,5.0,0.0,0.0,Actor,0.9830138683319092,1.0,8.0,1.0,0.0,0.0,767.0,Offenbach,20230110
488,1R,Low,6.0,6.0,0.0,1.0,Actor,1.0826990604400635,-1.0,9.0,1.0,0.0,0.0,768.0,Offenbach,20230110
489,1R,Low,2.0,2.0,0.0,0.0,Observer,1.0671861171722412,1.0,0.0,0.9998953703620364,0.0,0.0,771.0,Offenbach,20230110
490,1R,Low,1.0,1.0,0.0,0.0,Observer,1.533099889755249,1.0,1.0,1.0,0.0,0.0,772.0,Offenbach,20230110
491,1R,Low,1.0,1.0,0.0,0.0,Actor,1.2997572422027588,1.0,2.0,0.9992782990296044,0.0,0.0,773.0,Offenbach,20230110
492,1R,Med,9.0,9.0,0.0,0.0,Actor,1.317331314086914,1.0,3.0,0.9998482058051644,0.0,0.0,774.0,Offenbach,20230110
493,1R,Low,3.0,3.0,0.0,0.0,Actor,1.3335678577423096,1.0,4.0,1.0,0.0,0.0,775.0,Offenbach,20230110
494,1R,Low,5.0,5.0,0.0,0.0,Observer,1.2497777938842773,1.0,5.0,0.768032624389884,0.0,0.0,776.0,Offenbach,20230110
495,1R,Low,7.0,7.0,0.0,0.0,Observer,2.0497872829437256,1.0,6.0,0.7670216198773798,0.3604388512423362,0.0,777.0,Offenbach,20230110
496,1R,Low,4.0,4.0,1.0,0.0,Observer,1.4333319664001465,-1.0,7.0,0.5017491532980932,0.3359289202992931,0.0,778.0,Offenbach,20230110
497,1R,Low,1.0,1.0,1.0,0.0,Observer-incongruent,1.3494691848754883,-1.0,8.0,0.5671296296296297,0.4560185185185185,0.0,779.0,Offenbach,20230110
498,1R,Med,11.0,11.0,1.0,0.0,Observer-incongruent,1.2836339473724365,-1.0,9.0,0.7862300186650025,0.1286596373309254,0.0,780.0,Offenbach,20230110
499,1R,Low,1.0,1.0,0.0,1.0,Actor,0.9827909469604492,-1.0,12.0,1.0,0.0,0.0,783.0,Offenbach,20230110
500,1R,Low,6.0,6.0,0.0,0.0,Observer,1.4000027179718018,1.0,0.0,0.6518658478979689,0.4851204534718942,0.0,786.0,Offenbach,20230110
501,1R,Med,10.0,10.0,0.0,0.0,Observer,2.0501708984375,1.0,1.0,0.2994330496447179,0.6011742727625204,0.0,787.0,Offenbach,20230110
502,1R,Low,1.0,1.0,0.0,0.0,Observer,1.2162601947784424,1.0,2.0,0.5929879178649073,0.2901040029209784,0.0,788.0,Offenbach,20230110
503,1R,Low,3.0,3.0,0.0,0.0,Observer-incongruent,1.16664719581604,1.0,5.0,0.3456703910614525,0.9518156424581006,0.0,791.0,Offenbach,20230110
504,1R,Low,7.0,7.0,0.0,0.0,Actor,0.9828999042510986,1.0,7.0,1.0,0.0,0.0,793.0,Offenbach,20230110
505,1R,High,12.0,12.0,0.0,0.0,Observer,1.0829172134399414,1.0,8.0,0.3762296477334605,0.4598827100421788,0.0,794.0,Offenbach,20230110
506,1R,Low,1.0,1.0,0.0,1.0,Actor,1.249541997909546,-1.0,9.0,1.0,0.0,0.0,795.0,Offenbach,20230110
507,1R,Low,4.0,4.0,0.0,0.0,Observer,1.2170360088348389,1.0,0.0,0.7683190865670633,0.0,0.0,798.0,Offenbach,20230110
508,1R,Low,7.0,7.0,0.0,0.0,Actor,1.2002191543579102,1.0,1.0,1.0,0.0,0.0,799.0,Offenbach,20230110
509,1R,Low,2.0,2.0,0.0,0.0,Actor,1.3162312507629395,1.0,2.0,1.0,0.0,0.0,800.0,Offenbach,20230110
510,1R,Low,4.0,4.0,0.0,0.0,Actor-incongruent,1.0824036598205566,1.0,4.0,1.0,0.0,0.0,802.0,Offenbach,20230110
511,1R,Low,3.0,3.0,0.0,0.0,Observer,2.066815137863159,1.0,5.0,0.99972481441854,0.2386102780058187,0.0,803.0,Offenbach,20230110
512,1R,Low,3.0,3.0,0.0,0.0,Observer,2.2338929176330566,1.0,6.0,0.6694914142915891,0.0041411840059273,0.0,804.0,Offenbach,20230110
513,1R,Med,10.0,10.0,1.0,0.0,Observer,1.1831071376800537,-1.0,7.0,0.7224602839350838,0.2665748346456538,0.0,805.0,Offenbach,20230110
514,1R,Med,10.0,10.0,0.0,0.0,Observer,1.48360013961792,1.0,0.0,0.2653664200016527,0.6371721684358044,0.0,808.0,Offenbach,20230110
515,1R,Low,8.0,8.0,0.0,0.0,Observer,1.0331110954284668,1.0,1.0,0.2964783566327436,0.658567104876812,0.0,809.0,Offenbach,20230110
516,1R,Med,9.0,9.0,0.0,0.0,Actor,1.1657688617706299,1.0,2.0,1.0,0.0,0.0,810.0,Offenbach,20230110
517,1R,Low,2.0,2.0,0.0,0.0,Observer,1.1001980304718018,1.0,3.0,0.5408894385901046,0.3365534284560651,0.0,811.0,Offenbach,20230110
518,1R,Low,5.0,5.0,0.0,0.0,Observer,1.0329999923706055,1.0,4.0,0.702568506594831,0.3556007947364124,0.0,812.0,Offenbach,20230110
519,1R,Low,2.0,2.0,0.0,0.0,Observer,0.9990739822387695,1.0,5.0,0.9997193999125435,0.0,0.0,813.0,Offenbach,20230110
520,1R,Low,3.0,3.0,0.0,0.0,Actor,1.0490591526031494,1.0,6.0,0.9998533623911592,0.0,0.0,814.0,Offenbach,20230110
521,1R,Low,6.0,6.0,0.0,0.0,Observer,1.1488721370697021,1.0,7.0,0.4877819798229163,0.5016602955668319,0.0,815.0,Offenbach,20230110
522,1R,Low,7.0,7.0,0.0,0.0,Actor,1.116105079650879,1.0,8.0,0.995620678487288,0.0,0.0,816.0,Offenbach,20230110
523,1R,Low,1.0,1.0,0.0,1.0,Actor,1.0995697975158691,-1.0,9.0,0.999484640759834,0.0,0.0,817.0,Offenbach,20230110
524,1R,Low,2.0,2.0,0.0,0.0,Actor,2.2998440265655518,1.0,0.0,1.0,0.0,0.0,820.0,Offenbach,20230110
525,1R,Low,8.0,8.0,0.0,0.0,Observer,1.2999911308288574,1.0,2.0,0.878605393055774,0.3601150859949631,0.0,822.0,Offenbach,20230110
526,1R,Low,4.0,4.0,0.0,0.0,Actor,1.2164289951324463,1.0,3.0,1.0,0.0,0.0,823.0,Offenbach,20230110
527,1R,Med,9.0,9.0,0.0,0.0,Actor,1.7668120861053467,1.0,4.0,1.0,0.0,0.0,824.0,Offenbach,20230110
528,1R,Low,1.0,1.0,0.0,0.0,Actor,1.45054292678833,1.0,5.0,1.0,0.0,0.0,825.0,Offenbach,20230110
529,1R,Med,10.0,10.0,0.0,0.0,Actor,1.2168056964874268,1.0,6.0,1.0,0.0,0.0,826.0,Offenbach,20230110
530,1R,Low,4.0,4.0,0.0,0.0,Observer,1.100074052810669,1.0,9.0,0.7327298713673178,0.1200571700809909,0.0,829.0,Offenbach,20230110
531,1R,Low,5.0,5.0,0.0,1.0,Actor,1.2009289264678955,-1.0,10.0,1.0,0.0,0.0,830.0,Offenbach,20230110
532,1R,Low,2.0,2.0,0.0,0.0,Actor,1.0329389572143555,1.0,0.0,1.0,0.0,0.0,833.0,Offenbach,20230110
533,1R,Low,1.0,1.0,0.0,1.0,Observer,1.1502070426940918,-1.0,8.0,0.6439056332673887,0.333775942668265,0.0,841.0,Offenbach,20230110
0,1NR,Med,11.0,11.0,1.0,0.0,Actor,3.3830130100250244,-1.0,3.0,0.9999528858968252,0.0,0.0,5.0,Offenbach,20230110
1,1NR,High,12.0,12.0,0.0,1.0,Observer,1.7173829078674316,-1.0,9.0,0.7067048304159116,0.209069281234153,0.0,11.0,Offenbach,20230110
2,1NR,Med,10.0,10.0,0.0,0.0,Actor,2.0496251583099365,1.0,3.0,0.9999986314778588,0.0,0.0,15.0,Offenbach,20230110
3,1NR,High,13.0,13.0,0.0,1.0,Observer,0.98297119140625,-1.0,10.0,0.6354573885848319,0.3811571540265833,0.0,22.0,Offenbach,20230110
4,1NR,Low,8.0,8.0,1.0,0.0,Actor,1.8988380432128906,-1.0,5.0,1.0,0.0,0.0,41.0,Offenbach,20230110
5,1NR,Low,8.0,8.0,0.0,1.0,Actor,2.30031418800354,-1.0,12.0,1.0,0.0,0.0,60.0,Offenbach,20230110
6,1NR,Med,11.0,11.0,0.0,0.0,Observer,0.9997611045837402,1.0,3.0,0.6949474274340093,0.7380289003312449,0.0,65.0,Offenbach,20230110
7,1NR,High,12.0,12.0,1.0,0.0,Actor,1.2502720355987549,-1.0,5.0,1.0,0.0,0.0,67.0,Offenbach,20230110
8,1NR,Low,8.0,8.0,1.0,1.0,Actor,1.715223789215088,1.0,15.0,0.941834654774562,0.0596407482148494,0.0,77.0,Offenbach,20230110
9,1NR,High,12.0,12.0,0.0,0.0,Observer,1.0000810623168945,1.0,5.0,0.3336426803822807,0.6427298831196039,0.0,93.0,Offenbach,20230110
10,1NR,Low,8.0,8.0,1.0,1.0,Actor,1.4494881629943848,1.0,12.0,0.9965932952991984,0.001505143734641,0.0,100.0,Offenbach,20230110
11,1NR,High,12.0,12.0,0.0,0.0,Actor,1.9501080513000488,1.0,1.0,0.9882583170248948,0.0677404786993454,0.0,102.0,Offenbach,20230110
12,1NR,Low,8.0,8.0,0.0,0.0,Actor,1.8004395961761475,1.0,6.0,0.999999804496949,0.0,0.0,107.0,Offenbach,20230110
13,1NR,High,15.0,15.0,1.0,1.0,Observer,1.0158309936523438,1.0,14.0,0.604695827771618,0.4937513156565317,0.0,115.0,Offenbach,20230110
14,1NR,High,13.0,13.0,0.0,0.0,Observer,1.1661052703857422,1.0,8.0,0.1441791295403958,0.8590914398718903,0.0,124.0,Offenbach,20230110
15,1NR,High,12.0,12.0,0.0,0.0,Observer,1.233497142791748,1.0,8.0,0.8796988380354706,0.2357592885935061,0.0,134.0,Offenbach,20230110
16,1NR,High,12.0,12.0,1.0,0.0,Actor,1.3003361225128174,-1.0,3.0,0.9999136863264696,0.0,0.0,143.0,Offenbach,20230110
17,1NR,Med,10.0,10.0,0.0,0.0,Actor,1.632720947265625,1.0,4.0,1.0,0.0394839718530101,0.0,161.0,Offenbach,20230110
18,1NR,High,12.0,12.0,1.0,1.0,Actor,1.4665040969848633,1.0,8.0,1.0,0.0,0.0,165.0,Offenbach,20230110
19,1NR,High,13.0,13.0,0.0,0.0,Observer,1.217177152633667,1.0,1.0,0.3197074217683393,0.5786610578164779,0.0,167.0,Offenbach,20230110
20,1NR,Med,11.0,11.0,0.0,0.0,Actor,1.4674971103668213,1.0,3.0,0.9999103754133722,0.0,0.0,169.0,Offenbach,20230110
21,1NR,Med,10.0,10.0,0.0,0.0,Actor,1.116412878036499,1.0,11.0,0.9870091686878862,0.0,0.0,177.0,Offenbach,20230110
22,1NR,High,13.0,13.0,0.0,1.0,Observer,1.5004971027374268,-1.0,17.0,0.2175748903325459,0.7176257164517308,0.0,183.0,Offenbach,20230110
23,1NR,High,13.0,13.0,1.0,1.0,Observer-incongruent,1.4005908966064453,1.0,9.0,0.636414362468228,0.2747886230079472,0.0,194.0,Offenbach,20230110
24,1NR,Med,10.0,10.0,1.0,1.0,Actor,1.067735195159912,1.0,10.0,0.9212752692221584,0.0216350124485497,0.0,205.0,Offenbach,20230110
25,1NR,Med,11.0,11.0,0.0,0.0,Actor,1.2495410442352295,1.0,3.0,0.971990090443524,0.0,0.0,210.0,Offenbach,20230110
26,1NR,Med,11.0,11.0,0.0,0.0,Observer,1.8998680114746094,1.0,7.0,0.5042739169002591,0.4757374859438879,0.0,214.0,Offenbach,20230110
27,1NR,High,12.0,12.0,1.0,0.0,Observer-incongruent,0.9834339618682861,-1.0,6.0,0.0754789826745101,0.617537763620864,0.0,229.0,Offenbach,20230110
28,1NR,High,12.0,12.0,0.0,1.0,Actor,1.032377004623413,-1.0,13.0,0.999963563292684,0.0,0.0,236.0,Offenbach,20230110
29,1NR,High,12.0,12.0,1.0,1.0,Observer,1.5336880683898926,1.0,9.0,0.5002725394405624,0.6278732066265313,0.0,248.0,Offenbach,20230110
30,1NR,Med,10.0,10.0,1.0,0.0,Actor,1.1169710159301758,-1.0,1.0,0.990197955824702,0.0,0.0,252.0,Offenbach,20230110
31,1NR,Med,11.0,11.0,0.0,0.0,Actor,1.2501099109649658,1.0,9.0,0.9842427313853944,0.0017596711526556,0.0,260.0,Offenbach,20230110
32,1NR,High,12.0,12.0,0.0,1.0,Observer,1.4163830280303955,-1.0,15.0,0.3044112147273081,0.630649610024052,0.0,266.0,Offenbach,20230110
33,1NR,Med,9.0,9.0,1.0,1.0,Actor,1.1168959140777588,1.0,8.0,0.9812697133429452,0.0133570072176666,0.0,276.0,Offenbach,20230110
34,1NR,Med,9.0,9.0,1.0,1.0,Actor,1.5001869201660156,1.0,17.0,0.9999812941922396,0.0,0.0,295.0,Offenbach,20230110
35,1NR,Med,9.0,9.0,1.0,0.0,Observer,1.933016061782837,-1.0,6.0,0.5883741999694362,0.4624956135352971,0.0,302.0,Offenbach,20230110
36,1NR,Med,9.0,9.0,0.0,0.0,Observer,1.8007769584655762,1.0,4.0,0.5841765573938407,0.4242513820430503,0.0,311.0,Offenbach,20230110
37,1NR,Med,10.0,10.0,0.0,1.0,Actor,1.5168356895446777,-1.0,10.0,0.9999624647525492,0.0,0.0,317.0,Offenbach,20230110
38,1NR,High,15.0,15.0,0.0,0.0,Observer,1.183872938156128,1.0,1.0,0.93224899826908,0.1039069195987412,0.0,320.0,Offenbach,20230110
39,1NR,Med,10.0,10.0,0.0,0.0,Actor,1.4824550151824951,1.0,3.0,0.9908078912470768,0.0,0.0,322.0,Offenbach,20230110
40,1NR,Med,11.0,11.0,1.0,1.0,Actor,3.2670748233795166,1.0,9.0,0.9999061671617006,0.0,0.0,328.0,Offenbach,20230110
41,1NR,High,12.0,12.0,1.0,0.0,Actor,0.9833881855010986,-1.0,4.0,0.9999660896299374,0.0,0.0,333.0,Offenbach,20230110
42,1NR,Med,11.0,11.0,1.0,1.0,Actor,1.301131010055542,1.0,10.0,0.9850353232351284,0.0319439521096297,0.0,339.0,Offenbach,20230110
43,1NR,Med,9.0,9.0,0.0,0.0,Actor,0.983494758605957,1.0,2.0,0.990426504296508,0.0,0.0,371.0,Offenbach,20230110
44,1NR,Low,8.0,8.0,1.0,0.0,Actor,0.9998049736022949,-1.0,6.0,0.9879823086699424,0.0,0.0,375.0,Offenbach,20230110
45,1NR,High,12.0,12.0,0.0,0.0,Observer,1.2498691082000732,1.0,12.0,0.6942358912624262,0.2763062598836946,0.0,381.0,Offenbach,20230110
46,1NR,Low,8.0,8.0,1.0,0.0,Actor,0.9826900959014893,-1.0,11.0,1.0,0.0,0.0,397.0,Offenbach,20230110
47,1NR,Med,11.0,11.0,1.0,1.0,Observer-incongruent,1.383646011352539,1.0,13.0,0.0,0.9851234132888448,0.0,399.0,Offenbach,20230110
48,1NR,High,12.0,12.0,1.0,0.0,Actor,1.149773120880127,-1.0,3.0,0.9998985440188884,0.0,0.0,404.0,Offenbach,20230110
49,1NR,Med,11.0,11.0,1.0,1.0,Actor,1.0662498474121094,1.0,9.0,0.9999487807258703,0.0,0.0,410.0,Offenbach,20230110
50,1NR,Med,11.0,11.0,0.0,0.0,Actor,1.4326932430267334,1.0,4.0,1.0,0.0,0.0,415.0,Offenbach,20230110
51,1NR,Low,8.0,8.0,1.0,0.0,Actor,1.4335291385650635,-1.0,8.0,0.9704814859835744,0.0240786257425659,0.0,419.0,Offenbach,20230110
52,1NR,Med,9.0,9.0,1.0,0.0,Actor,1.0665152072906494,-1.0,2.0,0.9958575754154112,0.0,0.0,425.0,Offenbach,20230110
53,1NR,High,12.0,12.0,0.0,0.0,Observer,2.133141040802002,1.0,6.0,0.5369253455341453,0.3394006340535966,0.0,429.0,Offenbach,20230110
54,1NR,High,12.0,12.0,0.0,0.0,Observer,1.7003231048583984,1.0,8.0,0.7121184810752069,0.0910894100453923,0.0,431.0,Offenbach,20230110
55,1NR,Low,8.0,8.0,1.0,0.0,Actor,1.3996710777282715,-1.0,3.0,0.980933977855934,0.0015053657822458,0.0,440.0,Offenbach,20230110
56,1NR,Med,9.0,9.0,1.0,0.0,Actor,2.566957712173462,-1.0,6.0,0.9998955478436128,0.0294258872976779,0.0,456.0,Offenbach,20230110
57,1NR,Med,11.0,11.0,0.0,1.0,Actor,1.0004229545593262,-1.0,15.0,0.9998656809285856,0.0226797847062408,0.0,465.0,Offenbach,20230110
58,1NR,Med,11.0,11.0,0.0,0.0,Actor,1.2999341487884521,1.0,4.0,1.0,0.0,0.0,470.0,Offenbach,20230110
59,1NR,Med,10.0,10.0,1.0,1.0,Actor,1.4165191650390625,1.0,10.0,0.981851367497067,0.0065858179115364,0.0,476.0,Offenbach,20230110
60,1NR,Med,9.0,9.0,0.0,0.0,Actor,1.216836929321289,1.0,2.0,1.0,0.0,0.0,479.0,Offenbach,20230110
61,1NR,Med,11.0,11.0,0.0,0.0,Actor,1.0339009761810303,1.0,5.0,0.9917945045424532,0.0,0.0,482.0,Offenbach,20230110
62,1NR,Low,8.0,8.0,1.0,1.0,Actor,1.4499602317810059,1.0,9.0,0.9773466290108144,0.0180606884283037,0.0,486.0,Offenbach,20230110
63,1NR,High,12.0,12.0,1.0,0.0,Actor,1.333298921585083,-1.0,3.0,1.0,0.0,0.0,491.0,Offenbach,20230110
64,1NR,Med,11.0,11.0,0.0,0.0,Observer,1.3002750873565674,1.0,7.0,0.2435396990232512,0.7288599820687831,0.0,495.0,Offenbach,20230110
65,1NR,High,12.0,12.0,0.0,0.0,Observer,0.9834809303283691,1.0,12.0,0.2859408381960616,0.6893460945437521,0.0,500.0,Offenbach,20230110
66,1NR,Med,11.0,11.0,1.0,0.0,Actor,1.2327847480773926,-1.0,2.0,0.9999201526138732,0.0,0.0,505.0,Offenbach,20230110
67,1NR,High,13.0,13.0,1.0,0.0,Observer,1.0499742031097412,-1.0,12.0,0.4154390849001225,0.6250158844356196,0.0,515.0,Offenbach,20230110
68,1NR,High,13.0,13.0,0.0,1.0,Observer,1.1502468585968018,-1.0,19.0,0.6447121367092571,0.1330605042620792,0.0,522.0,Offenbach,20230110
69,1NR,High,12.0,12.0,1.0,0.0,Actor,1.5170371532440186,-1.0,7.0,0.9424973460028144,0.0442645519714754,0.0,533.0,Offenbach,20230110
70,1NR,Med,11.0,11.0,1.0,1.0,Observer,1.21697998046875,1.0,12.0,0.7075972402346248,0.1200370833008504,0.0,549.0,Offenbach,20230110
71,1NR,High,12.0,12.0,1.0,0.0,Actor,1.133347988128662,-1.0,1.0,0.9990226739640344,0.0025410476935105,0.0,564.0,Offenbach,20230110
72,1NR,High,12.0,12.0,0.0,0.0,Observer,1.0003252029418945,1.0,7.0,0.817650337493474,0.0,0.0,570.0,Offenbach,20230110
73,1NR,High,13.0,13.0,1.0,0.0,Observer,1.3664360046386719,-1.0,13.0,0.6784260515589651,0.210814758123722,0.0,576.0,Offenbach,20230110
74,1NR,High,12.0,12.0,0.0,0.0,Observer,0.9827189445495605,1.0,4.0,0.4301048360986493,0.6375326684171343,0.0,584.0,Offenbach,20230110
75,1NR,High,12.0,12.0,0.0,0.0,Observer,1.8334059715270996,1.0,6.0,0.2040020535703393,0.7281217207229178,0.0,586.0,Offenbach,20230110
76,1NR,Low,8.0,8.0,1.0,1.0,Actor,1.5829718112945557,1.0,10.0,1.0,0.0,0.0,590.0,Offenbach,20230110
77,1NR,Low,8.0,8.0,0.0,0.0,Actor,1.3159949779510498,1.0,1.0,0.999987770610048,0.0438376576767904,0.0,593.0,Offenbach,20230110
78,1NR,High,12.0,12.0,1.0,0.0,Actor,1.1661779880523682,-1.0,5.0,0.9999010657142502,0.0,0.0,597.0,Offenbach,20230110
79,1NR,High,13.0,13.0,0.0,0.0,Observer,1.3002080917358398,1.0,4.0,0.3092517086061679,0.5907450464019214,0.0,609.0,Offenbach,20230110
80,1NR,High,14.0,14.0,0.0,1.0,Observer,1.350189208984375,-1.0,6.0,0.2902589557631173,0.6748906704146418,0.0,611.0,Offenbach,20230110
81,1NR,Med,10.0,10.0,1.0,1.0,Actor,1.1160938739776611,1.0,11.0,0.9999275985634326,0.0,0.0,623.0,Offenbach,20230110
82,1NR,High,14.0,14.0,0.0,0.0,Observer,1.199625015258789,1.0,1.0,0.4306967933555504,0.6146686363092334,0.0,625.0,Offenbach,20230110
83,1NR,Med,11.0,11.0,0.0,0.0,Observer,1.082381010055542,1.0,4.0,0.1659527459560231,0.7423098716930724,0.0,628.0,Offenbach,20230110
84,1NR,Med,11.0,11.0,1.0,1.0,Actor,3.0834240913391113,1.0,13.0,0.9769985946233776,0.0,0.0,637.0,Offenbach,20230110
85,1NR,Med,9.0,9.0,0.0,0.0,Observer,1.1659572124481201,1.0,6.0,0.8667458195770368,0.0892467592999736,0.0,645.0,Offenbach,20230110
86,1NR,Med,10.0,10.0,0.0,0.0,Observer,2.0830237865448,1.0,8.0,0.6560210769582975,0.5000585094795396,0.0,647.0,Offenbach,20230110
87,1NR,High,14.0,14.0,0.0,1.0,Observer,1.0993537902832031,-1.0,11.0,0.0965763677628849,0.8287190747912335,0.0,662.0,Offenbach,20230110
88,1NR,High,13.0,13.0,0.0,0.0,Observer,1.0662858486175537,1.0,3.0,0.8287255919410716,0.2470109449466964,0.0,667.0,Offenbach,20230110
89,1NR,Med,11.0,11.0,1.0,0.0,Observer,2.0667788982391357,-1.0,10.0,0.3482791567934432,0.6633143738592696,0.0,685.0,Offenbach,20230110
90,1NR,High,14.0,14.0,1.0,1.0,Observer,1.4505937099456787,1.0,14.0,0.578842192497312,0.3687738394873203,0.0,703.0,Offenbach,20230110
91,1NR,High,12.0,12.0,1.0,0.0,Actor,2.0498430728912354,-1.0,5.0,0.9397323935616676,0.0462811148781121,0.0,711.0,Offenbach,20230110
92,1NR,Med,11.0,11.0,1.0,0.0,Observer-incongruent,3.166774034500122,-1.0,11.0,0.1407301404000427,0.8326050693352323,0.0,717.0,Offenbach,20230110
93,1NR,High,13.0,13.0,0.0,1.0,Observer,1.2160592079162598,-1.0,14.0,0.4861529487609487,0.5197751068578056,0.0,720.0,Offenbach,20230110
94,1NR,Med,10.0,10.0,1.0,0.0,Actor,1.1658251285552979,-1.0,5.0,0.979574175888681,0.0,0.0,728.0,Offenbach,20230110
95,1NR,Med,10.0,10.0,1.0,1.0,Actor,1.1998510360717773,1.0,9.0,0.9560300239432282,0.0270868677798835,0.0,746.0,Offenbach,20230110
96,1NR,High,14.0,14.0,1.0,1.0,Observer,1.1503348350524902,1.0,10.0,0.4426460186303718,0.3151007569935711,0.0,757.0,Offenbach,20230110
97,1NR,High,13.0,13.0,0.0,1.0,Observer,1.3665902614593506,-1.0,10.0,0.404276188790122,0.6329400676029256,0.0,769.0,Offenbach,20230110
98,1NR,High,14.0,14.0,0.0,1.0,Observer,1.8998770713806152,-1.0,13.0,0.4384821986594039,0.5538208064209057,0.0,784.0,Offenbach,20230110
99,1NR,Med,11.0,11.0,1.0,0.0,Actor,1.000411033630371,-1.0,3.0,0.9999026487745266,0.0,0.0,789.0,Offenbach,20230110
100,1NR,High,12.0,12.0,0.0,0.0,Observer,1.3497049808502197,1.0,6.0,0.3139962969555979,0.6633807195332153,0.0,792.0,Offenbach,20230110
101,1NR,High,12.0,12.0,1.0,1.0,Actor,1.6503870487213135,1.0,10.0,0.9999240120102232,0.0,0.0,796.0,Offenbach,20230110
102,1NR,High,12.0,12.0,0.0,0.0,Observer,0.9835309982299805,1.0,3.0,0.8874783612233121,0.1231005962685131,0.0,801.0,Offenbach,20230110
103,1NR,High,12.0,12.0,0.0,1.0,Observer,1.0001349449157715,-1.0,10.0,0.1317699499996512,0.562661596586048,0.0,818.0,Offenbach,20230110
104,1NR,High,14.0,14.0,0.0,0.0,Observer,1.7004249095916748,1.0,1.0,0.7307602878984969,0.2266872025458654,0.0,821.0,Offenbach,20230110
105,1NR,Med,11.0,11.0,1.0,1.0,Observer,1.183016061782837,1.0,11.0,0.5517286683651649,0.3515266285331561,0.0,831.0,Offenbach,20230110
106,1NR,Med,10.0,10.0,0.0,0.0,Observer,12.298980712890625,1.0,1.0,0.3218725718725719,0.6800699300699301,0.0,834.0,Offenbach,20230110
107,1NR,Med,9.0,9.0,0.0,1.0,Observer,1.300163745880127,-1.0,9.0,0.3993978730059285,0.6470910228338832,0.0,842.0,Offenbach,20230110
0,2NR,Med,9.0,22.0,1.0,1.0,Actor-incongruent,1.6508119106292725,1.0,11.0,0.9804684791874808,0.010069990305698,0.0,23.0,Offenbach,20230110
1,2NR,High,12.0,20.0,1.0,1.0,Actor-incongruent,1.6002869606018066,1.0,13.0,0.9999124221384262,0.0,0.0,61.0,Offenbach,20230110
2,2NR,Med,10.0,22.0,1.0,0.0,Observer-incongruent,1.016174077987671,-1.0,6.0,0.1008656379375235,0.8069251035001882,0.0,68.0,Offenbach,20230110
3,2NR,Med,9.0,17.0,1.0,0.0,Actor-incongruent,1.866419792175293,-1.0,7.0,0.9998566885095594,0.0,0.0,108.0,Offenbach,20230110
4,2NR,Med,9.0,20.0,1.0,0.0,Actor,1.632767915725708,-1.0,4.0,0.9125423944969676,0.0671373155014209,0.0,170.0,Offenbach,20230110
5,2NR,High,13.0,23.0,1.0,1.0,Observer-incongruent,1.0669147968292236,1.0,11.0,0.0099362192140233,0.8465269114692453,0.0,206.0,Offenbach,20230110
6,2NR,Med,10.0,22.0,0.0,1.0,Actor,1.6997201442718506,-1.0,14.0,0.980602123222773,0.0009743661796728,0.0,237.0,Offenbach,20230110
7,2NR,High,12.0,24.0,1.0,1.0,Observer-incongruent,1.8170828819274902,1.0,10.0,0.3896115792792027,0.5157139763745725,0.0,249.0,Offenbach,20230110
8,2NR,Med,10.0,22.0,1.0,1.0,Actor-incongruent,1.2668249607086182,1.0,16.0,0.936317235063742,0.0363284203925078,0.0,267.0,Offenbach,20230110
9,2NR,Low,8.0,18.0,1.0,1.0,Actor,0.9997520446777344,1.0,11.0,0.9999167872795894,0.0,0.0,318.0,Offenbach,20230110
10,2NR,Med,10.0,19.0,1.0,0.0,Observer-incongruent,0.9999527931213379,-1.0,7.0,0.714194960997391,0.2595655356203342,0.0,457.0,Offenbach,20230110
11,2NR,Med,10.0,21.0,0.0,0.0,Observer,1.0328369140625,1.0,6.0,0.7896626390946431,0.3448562320814649,0.0,483.0,Offenbach,20230110
12,2NR,High,14.0,25.0,1.0,0.0,Observer-incongruent,0.9830188751220703,-1.0,3.0,0.5363247863247863,0.2385392385392385,0.0,506.0,Offenbach,20230110
13,2NR,High,15.0,28.0,1.0,1.0,Observer,1.0822858810424805,1.0,20.0,0.5136139644146317,0.1912742543692635,0.0,523.0,Offenbach,20230110
14,2NR,High,12.0,24.0,1.0,0.0,Observer-incongruent,1.2998290061950684,-1.0,8.0,0.1731034871320137,0.7079563491684152,0.0,534.0,Offenbach,20230110
15,2NR,High,12.0,20.0,1.0,1.0,Observer-incongruent,1.3164410591125488,1.0,11.0,0.0,0.8287055142745404,0.0,591.0,Offenbach,20230110
16,2NR,Med,11.0,22.0,0.0,0.0,Observer,1.1655080318450928,1.0,5.0,0.1219800469388435,0.7524692704475795,0.0,629.0,Offenbach,20230110
17,2NR,High,12.0,23.0,1.0,1.0,Observer-incongruent,1.6170461177825928,1.0,14.0,0.0033132976276801,0.614324360143999,0.0,638.0,Offenbach,20230110
18,2NR,High,14.0,28.0,1.0,1.0,Observer,1.2499308586120605,1.0,12.0,0.1570519004437584,0.665637661585954,0.0,663.0,Offenbach,20230110
19,2NR,High,15.0,28.0,1.0,0.0,Observer,1.3663609027862549,-1.0,4.0,0.6912244211769775,0.3248911165147445,0.0,668.0,Offenbach,20230110
20,2NR,Med,11.0,25.0,1.0,1.0,Observer-incongruent,1.3001470565795898,1.0,15.0,0.4082233127660147,0.419330104569195,0.0,704.0,Offenbach,20230110
21,2NR,Med,9.0,22.0,1.0,1.0,Actor-incongruent,2.233492851257324,1.0,11.0,0.9902688313764232,0.0,0.0,770.0,Offenbach,20230110
22,2NR,High,12.0,26.0,1.0,1.0,Actor-incongruent,1.0997788906097412,1.0,14.0,0.9427153202309232,0.0461416571382425,0.0,785.0,Offenbach,20230110
23,2NR,Med,11.0,23.0,1.0,1.0,Observer-incongruent,1.2336618900299072,1.0,11.0,0.1514176037486465,0.8438336536273678,0.0,797.0,Offenbach,20230110
24,2NR,Med,9.0,21.0,1.0,1.0,Actor-incongruent,1.8333921432495117,1.0,11.0,0.9795401402961808,0.0220187061574434,0.0,819.0,Offenbach,20230110
25,2NR,Med,10.0,21.0,1.0,1.0,Observer-incongruent,1.2992801666259766,1.0,12.0,0.5207682841794872,0.322925093754799,0.0,832.0,Offenbach,20230110
26,2NR,Med,10.0,20.0,1.0,0.0,Actor,2.5169878005981445,-1.0,2.0,0.8774848223860618,0.1092702195842745,0.0,835.0,Offenbach,20230110
0,3NR,Med,10.0,32.0,1.0,1.0,Actor-incongruent,1.366103172302246,1.0,15.0,0.9126841467893236,0.0467643456937313,0.0,238.0,Offenbach,20230110
1,3NR,High,13.0,35.0,1.0,0.0,Actor-incongruent,1.4833898544311523,-1.0,6.0,1.0,0.0,0.0,630.0,Offenbach,20230110
